Accession,luminal protein 1.5
E9QPE7,0.8497236410639134
Q8BTM8,0.8629710607121184
E9PVG8,0.831132645673759
P07724,1.0
P01027,0.8706400970720317
Q9JHU4,0.8278887868156798
Q921I1,0.9170930374815968
P26039,0.8067755362142772
Q8VDD5,0.8161480497741365
Q61838,0.8510136800695401
Q80X90,0.7869553529096274
P19096,0.7886677799512496
P08071,0.8420322006452059
E9Q616,0.8524308638132242
Q6PDN3,0.7926656488411988
Q64727,0.8193539525850163
A0A087WSN6,0.7650842730242472
Q68FD5,0.7751933547109874
P57780,0.780716233847449
Q01853,0.8066928164680622
P63260,0.9185995656622346
P58252,0.8516318879121407
Q3U2G2,0.7753957253247594
F8WIT2,0.8272303122445908
P28665,0.807264813928103
Q8VHX6,0.7372999252816024
P11499,0.8507376429055619
P20918,0.794596150666987
P63017,0.8330057066601648
P06909,0.8147066236308603
P13020,0.8427012498215561
Q6URW6,0.8592604614658593
P99024,0.8245288023391215
P21614,0.8200700372874448
P10126,0.8569307237355699
G3X8Q5,0.8931267276292405
Q02053,0.7806009832760445
E9Q0B5,0.7732261971235282
Q9JKF1,0.7672858581315404
Q62261,0.7769498005354284
P05064,0.8305781447135084
P16546,0.7437562578698447
P52480,0.8272131628551829
A0A0R4J0I1,0.8507157399475552
Q9D1A2,0.8070552272944445
P24527,0.7643873514947614
P26040,0.7926821223828251
Q8CGC7,0.7571787683044453
P37804,0.8365608999285848
P15626,0.8630955609242265
P27546,0.7208195955105092
Q91X72,0.8447490828382546
E9Q5I3,0.7002633251103892
Q61879,0.7514950315345826
O08677,0.8067975213894838
Q9DBD0,0.7383304498207519
Q8K0E8,0.8029234371402758
Q9D7Z6,0.744887531356981
Q8VCM7,0.7824474295211258
P23116,0.7861121390386172
P08113,0.768872843084972
Q9CWJ9,0.7642629827989815
O08553,0.7428039580120825
Q8BFW7,0.7409845928935044
Q61768,0.7115392352704824
Q8CI94,0.762251398635503
Q9Z1Q9,0.7287318010626551
A0A0A0MQF6,0.8548227007474841
Q00897,0.8806118277487593
P30416,0.7680132876216312
P97449,0.7441039679403569
Q04447,0.8146670493567979
A1BN54,0.7485899685679338
Q61598,0.7709371760583063
P17563,0.7783216271052106
P06728,0.8049539466622235
Q922D8,0.7900283572578936
Q8CIE6,0.7418176285312149
P27773,0.8001338125126084
Q00612,0.779597444567976
P17182,0.8532533740174915
E9PV24,0.7892815563750211
Q61781,0.8294775876092252
P60843,0.7753937139660253
P09411,0.8222039981651442
Q9WU78,0.7260888116717525
P62259,0.8203193578916
O55029,0.7128496071260711
Q8VCT3,0.7391400280268478
Q922U2,0.8425639682860049
Q8BND5,0.720382970532559
Q6ZQ38,0.7749498341509614
P10649,0.8439385274210643
A0A0R4J071,0.6149520735960304
Q922B2,0.7499590090516266
P20029,0.7850968602651541
Q78PY7,0.7486612352617394
P45376,0.7776167383740242
P42932,0.7802454518154461
P40142,0.8108926895717462
P80318,0.7603636851255693
P21981,0.8086499109202073
P26041,0.7689755062521888
B8JJN0,0.759647150756636
P40124,0.7751949278117525
A6X935,0.723575929704861
Q9D0F9,0.7488862890554571
P05213,0.801904879773273
P19221,0.7315797927690216
Q00623,0.8744439201637716
O88342,0.7719379597900893
Q99K51,0.8076688267944937
Q3UU35,0.7752659687142445
Q9QXS1,0.712400124014617
P07356,0.8104456437863314
P17751,0.8121986905223906
P35700,0.8258461373540702
Q61702,0.7166162991329553
P07901,0.7920971472424693
Q91WT9,0.7364708285021593
Q3V117,0.7329249722039786
O88569,0.8799804985864661
P24549,0.7523856753243224
O09131,0.8285478552039691
P63158,0.8100720612640079
P11983,0.717765735062347
P19001,0.8354049450904113
Q543K9,0.7701560119488527
Q3UPL0,0.7178233613224043
Q11011,0.7435654240757839
Q7TSV4,0.7488179697346989
A8DUK4,0.9075308189846686
O70209,0.7689531022934113
P80313,0.7496020709558807
Q76MZ3,0.7473337123076444
E9Q557,0.7290142967248906
A0A1B0GSX0,0.8300035481328389
P60335,0.7488651190165866
Q8C1A5,0.730146442307053
Q9DBJ1,0.7989398353765234
B2M1R6,0.7693185137480633
Q9CPY7,0.753418699402561
Q501J6,0.729335272708109
O35639,0.7556996894170276
P56399,0.814287558501075
P10107,0.7970206692515827
Q9DCD0,0.7931986955614119
Q9D8E6,0.7341501189783647
E9QA15,0.7156119302275517
Q64737,0.7115817278596185
P29341,0.7358408469054596
Q9QZE5,0.7067746029594026
Q5SUR0,0.7361895294766638
P01029,0.7809111376383684
P70441,0.764000895485418
Q99JY9,0.7592597351099467
O89020,0.744140153264711
Q9Z1Z0,0.7058136691716165
Q9CWK8,0.7339615290124002
Q61699,0.7124127410831084
P10605,0.7292610503868849
Q99KC8,0.7325749613074561
P23953,0.8287631323649282
P20152,0.7058985148506137
P47856,0.7130471099954568
Q61233,0.7579629248696304
P12658,0.788867799002144
A0A087WS16,0.69130536739417
P00920,0.7793902207566741
E9PWE8,0.7427777768600585
Q8JZQ9,0.709642780477147
P50580,0.7526442850954713
Q3U1J4,0.700243459667395
P17742,0.8413634393208017
P62960,0.683515053448791
Q02257,0.700420600220193
P14211,0.7559971493444338
P09405,0.774145314870203
P48722,0.6947839192666809
Q11136,0.7219736089684285
Q61696,0.7642098591983336
Q8BZF8,0.7195605762780892
P46471,0.7018790533909558
P06745,0.7823126331098668
Q8BGQ7,0.7146653305029279
P50247,0.78145069865593
Q6GT24,0.7722999307471405
Q8R146,0.6814555254708343
Q8BL66,0.7167463915994011
Q80T06,0.7444169156555117
P80314,0.7444563219969362
Q91VB8,0.8996753534640302
P28271,0.7335276511348074
P06684,0.6824471909191281
P32261,0.7804479728628269
P08003,0.741334774149193
P19157,0.8030181498530227
O70570,0.7133600385072948
Q62523,0.7331120442591936
E9PYH0,0.6544768705663209
P62962,0.7962202738792385
P10518,0.7441002978142244
Q8VDM4,0.7060481692596566
P97447,0.758192173979309
P62908,0.7399090823943748
Q9D0I9,0.7037194767865492
Q8BG05,0.7473477383888414
O88844,0.7702665349486404
Q00519,0.7460398492497025
P63101,0.8081672127274823
Q9CZ44,0.7033600951096156
P48036,0.823063612201309
Q60864,0.7459521747809957
Q9EQK5,0.7189946700580806
P50446,0.7816326418104249
Q8VDJ3,0.6995857508500823
P26645,0.7089850981998718
P47754,0.7063970029038328
P68040,0.7452369608613905
P29699,0.8138792140177101
Q3U0V1,0.7176146146411988
A0A498WGD8,0.6991874838632143
E9PZF0,0.7890985578802682
P48758,0.7532448852209012
P07758,0.8414140321892196
Q60854,0.7474067744988764
P80316,0.7590762140039021
Q60710,0.714233916283179
Q62318,0.7023318206258724
P05063,0.7993508171032789
P09103,0.7651387421201454
Q3TXS7,0.7128352215615066
P97429,0.7383483785248521
A2AMW0,0.7418981868153762
Q8CIB5,0.7150719629898952
Q3THS6,0.6899947709868905
Q08642,0.7455048758624796
Q9WVA4,0.7758341167617386
P11352,0.7532433578334856
Q9CPX4,0.7537896058256672
Q9JHR7,0.7127819955242477
P50396,0.7211468353181631
Q80X19,0.7024815220018913
Q99PL5,0.703159680148742
Q8R1B4,0.7045655137612001
Q9QYB1,0.7950135308499994
A0A6I8MX27,0.7769285833032026
Q8BU30,0.689601481467742
P97371,0.7636744559266234
Q9CPV4,0.7351588491863401
Q62010,0.785050470358521
A0A0A6YVP0,0.759159826075658
Q6A0A9,0.6504975533630181
Q9R098,0.6244488379957837
O08529,0.7881475201547133
O70133,0.6591039066676962
Q8CIN4,0.737088677617369
O08739,0.7205575415062678
Q8R0Y6,0.6827441078775289
P18760,0.8144901781912419
P12382,0.6950509093971274
B2RQC6,0.685029074905626
Q7TMY8,0.6655356834913903
Q9D0E1,0.6538130925163067
Q3UW53,0.7107370370264827
Q03401,0.7398414855072527
P00342,0.6668858372086928
P55264,0.7575085183843063
A0A7N9VSW1,0.7181199368932955
Q9QUI0,0.6976069055893643
P80315,0.7433961545481369
P15105,0.714500867529945
Q8BJY1,0.7052290729927271
Q9D819,0.7350302175334429
Q19LI2,0.7324996759543522
Q9JIF7,0.7044292610657932
G3UXX3,0.7244623163796714
Q91WQ3,0.7271207230884613
Q99KQ4,0.6822181746020747
P18654,0.6799377954457061
Q3TVK3,0.703868255421196
P51125,0.6651682303689344
E9QK48,0.7086660088296189
Q9QUR6,0.7053233982682504
P14873,0.6645182047683887
P70296,0.7879059353150473
P68033,0.7755393490079725
Q91ZJ5,0.7348473136326457
A2A513,0.8251867130635963
Q5XJY5,0.714418715501217
P68510,0.7637439649149521
P28798,0.6686656917198687
Q64514,0.660420364583082
Q8K183,0.7693576413598676
P62715,0.7880948203647969
Q8BG32,0.7485153184005952
Q9Z2X1,0.7507157726968533
Q8CI51,0.7317626088895511
P01872,0.7603615881663154
O70400,0.7237770129869855
P03958,0.6820823713958684
Q5SQ27,0.7082942883625218
Q91X52,0.7529386983356496
Q91VI7,0.7558617022543554
Q01279,0.6729362994562426
Q07076,0.7104811686996921
P56959,0.7116037380280753
P68254,0.7354155197748427
P16045,0.7744926134573542
B2RU69,0.6800318302158244
Q61129,0.7301568383611396
Q07797,0.6926316707843025
Q8BH64,0.7768452463578465
E9Q7Q3,0.7265228537476078
P97351,0.7423769467720094
Q9JK81,0.7878700567250053
P08228,0.8178382438128631
P80317,0.740299950149083
Q93092,0.8368931458756583
Q61171,0.741490215487329
Q9Z0S1,0.6972583634507736
Q6ZWX6,0.6998552052314375
P05201,0.7531015435985122
Q8BHN3,0.7113682302010187
E9Q3M3,0.6750304311670018
Q99KJ8,0.663228182009749
Q9Z2U1,0.7338437696491663
O54990,0.6670581307413921
P62141,0.711300596737771
Q8BH61,0.6917591158830614
Q9Z0N1,0.7307275652321079
E9QN99,0.7300776041346313
P03953,0.7690405176294222
Q9JII6,0.767462279571633
Q8C3V4,0.8161652892282657
Q9Z1N5,0.7293981321220592
Q61133,0.6774018716903628
P47791,0.729244711109686
P62192,0.7125955647971554
P27659,0.7140248917839881
P39054,0.6864605745989864
Q01339,0.7393906452270613
E9Q9E1,0.6502443184924415
P46935,0.6855357930377967
Q8R016,0.7184505722690406
P62242,0.7372180513062628
Q61792,0.7159417670272411
Q9D8N0,0.7364198463535143
P19324,0.6659556321470214
G5E924,0.6825269110284556
Q9Z1F9,0.6891744519928096
Q9R0P5,0.8083519867063159
P97315,0.7966602732481649
Q3THK7,0.6753023624241572
P12970,0.7350588518691239
Q60973,0.6901567508412652
P39654,0.7111440360118922
P61161,0.7392922497688839
O88544,0.6828853058165982
Q63844,0.7403755394120017
Q99K85,0.6895403527245461
A0A0A6YXL6,0.7573114290678493
Q99KK7,0.732956455544917
Q61703,0.7114767469273429
P97494,0.6914826829855975
P70398,0.6404646469609713
P49312,0.752587717497579
Q99J77,0.7333940713103494
Q61362,0.5862747229328544
P08249,0.6703338393516587
O08997,0.7981520116990106
E9Q555,0.7227365876924051
Q9JLJ2,0.7122414613414837
P26883,0.742417077047262
Q91VR5,0.7068263861478022
Q99PT1,0.782351449616146
Q9ERK4,0.698275255318274
Q8BKC5,0.7294649196357145
Q80UG5,0.6951383982644479
P16015,0.7559488161661615
P62196,0.692279841719929
P11679,0.7571425490346168
P32921,0.7002625847805146
P47199,0.6816132614519063
Q9JHU9,0.7146951007716975
Q924B0,0.723262594565327
Q91WT7,0.7305728984479252
Q8BPB5,0.6488254305485474
Q9R1P4,0.7459718355645335
Q62418,0.6720937494645771
Q9EQP2,0.6806566485682515
Q505F5,0.6640161857302118
Q05816,0.6777733892791488
Q9CX34,0.6681995423280459
Q9CQ65,0.7326117274239992
A0A0R4J2B2,0.7203844800690551
P00329,0.7964003377560204
P51859,0.7521970908859421
Q3UM45,0.682166629943506
Q61176,0.7295001697838454
Q5FWK3,0.7136216313397159
Q8VEK3,0.7221190619585984
Q6PDL0,0.6195133067443569
Q61753,0.6623091592630344
P08226,0.7269222966685926
Q9D662,0.6752331668605593
Q9D0R2,0.7058017860973786
P11680,0.6563683466321912
Q08879,0.6688028663536
O08692,0.5759791392430027
P97384,0.6871715820657406
O35643,0.7127554383104985
Q8C1B7,0.6870202389518995
Q8VC28,0.6773900894826642
Q640N1,0.6845546731748662
Q6GQT1,0.6051773456726003
O89053,0.7312326178841204
Q5RKN9,0.6947413538778288
Q9EQH3,0.7198255877932912
O08797,0.6917367932307323
Q62465,0.6782940934599642
Q6NZD2,0.6954834791565969
Q9JKB1,0.6970596512183704
Q8K0C9,0.7670737472782841
P63005,0.7075003823906966
Q61035,0.718368765861737
O35350,0.6775059030330084
Q99LX0,0.7607224636196568
P48678,0.6599673164666511
P11247,0.5893979602590997
E9Q912,0.6617756407571502
Q8K3V4,0.6890667629683862
P27612,0.6590416029664694
Q9D154,0.7420216489408769
Q91YI0,0.6938148462105417
P26638,0.698598695166107
P07309,0.8338575587627457
Q9CVB6,0.7088907793543259
P46664,0.7010279904058492
Q8VCU2,0.7197670651720026
Q9DCT8,0.7433028927297042
Q9DBF1,0.7332060285124115
Q8C2Q7,0.6898476449756088
P34884,0.7665365119549625
P14685,0.6744476516332953
P70460,0.6768836597247654
Q3UZZ6,0.6872200898671574
P08752,0.6929467366626502
E9PYN9,0.5355499397947083
Q9R0N0,0.6968000950946923
E9PVU0,0.6668671714096196
P14602,0.7431355294753543
P70663,0.6310564328567981
P62702,0.6993241297444741
P62983,0.8073240051312519
O55137,0.748186761053554
Q99LF4,0.712918851297956
P09242,0.563122926866756
Q9EPC1,0.7294753630894883
Q9CZD3,0.684250476329225
P97372,0.7295334247978434
P42703,0.7839385099387562
P29351,0.6681454398373313
P97290,0.734476330253974
Q9R0P3,0.7490336260738714
Q9Z1Z2,0.6829485235819698
P47962,0.7488093469576758
Q9JHW2,0.703518979153615
Q9WV32,0.7383174732139363
P06801,0.6766423114805532
P24369,0.7075179496984023
P21460,0.6489686725034852
P60122,0.6537333420713382
Q99JI4,0.6937810172580541
Q9WTM5,0.7133895299530747
O70194,0.6904645542699643
Q99MN1,0.7104391694184315
P10810,0.6056775433236625
Q8BMJ2,0.6552016347271234
A0A0R4J039,0.7607058448558232
Q8BK64,0.6905924874255055
G3V018,0.6639194958987014
Q8BP47,0.7012384661495705
Q8BK67,0.6653501191452287
Q8VIJ6,0.7021026323618492
Q3UE92,0.6894961578697496
O35685,0.6884310919878949
P50516,0.7121977218277159
Q9D8W5,0.6782391626331201
E9PUD2,0.6217672594297432
Q61553,0.6882657729306045
Q05D44,0.7689417466343644
Q91WU5,0.6593039676327218
P41245,0.6108026045385148
Q8BVI4,0.7251428306907512
P0DP27,0.794256212550811
A0A1W2P6F6,0.7854482885843616
Q9Z0E6,0.7220642937993449
Q99KI0,0.6771165475982038
Q7TMB8,0.6949362229628716
Q9Z0U1,0.68416178502106
Q00915,0.7420211002888851
Q9Z1Q5,0.7463317384897298
Q9JKR6,0.6431654684813252
Q64471,0.7467032817459531
Q64442,0.6712261483898194
Q8R3B1,0.6409730102930853
Q3UDE2,0.6629196576612915
Q61823,0.6764068756366556
P62334,0.6957338334268697
P70168,0.7036848686425005
Q68FL6,0.6587431525033473
Q06890,0.7273030554723096
Q6ZWQ9,0.7381785529550963
Q3ULJ0,0.7543539343530009
Q62433,0.6379614852749316
Q9CQT1,0.6820735796910173
Q921W7,0.6896944779690478
Q9CZC8,0.7138164595262473
P70349,0.7368676465446329
P25444,0.7133282399635239
P48774,0.7040126567796006
P31230,0.7280087368482987
Q61166,0.7433980464361335
Q9QWL7,0.7793290818988983
Q00PI9,0.7265275411364837
O70475,0.6647238169944079
Q61646,0.6591425888199907
A2AN08,0.6758600993913729
P54775,0.7462192399057836
Q9R111,0.7003076539355588
Q6PGH2,0.6685748338268429
P28474,0.7595117207696395
Q8QZY1,0.6806254371182971
Q7TNC4,0.6896686930266129
P99029,0.7479536436709608
O55222,0.6835764992050332
Q8BJW6,0.6024729290862002
Q61730,0.6775192031104479
O35381,0.745669406810436
A3KMP2,0.8486505241765356
P14148,0.740290389088855
P06281,0.6101486029536722
Q9WVK4,0.7023350758834643
O35215,0.7323732526127199
Q62167,0.7161564274637804
Q6P5F9,0.6866488770415726
Q9D1P4,0.6494202340664399
Q91YR1,0.7003614416649334
A0A0R4J093,0.7444072633074466
Q6AW46,0.6458586173170163
P24547,0.6591081295999749
Q9CX80,0.6868521960710552
O09061,0.7336853790496237
P47963,0.7143965892200622
Q9CRB6,0.7420004245009795
Q6IFX2,0.8071244329772378
A0A0A6YXW6,0.6306885564065967
Q9CR16,0.6963232444841092
Q61247,0.7274044900964143
P63001,0.7762196757432379
Q9QZD9,0.7025481780410084
Q8K354,0.6929491574079528
P60229,0.7068499997013566
Q924M7,0.6574704914470257
Q09098,0.7291450211916182
P04104,0.8328418004003725
Q6P069,0.7343866561596979
Q6PDM2,0.7188120685958209
Q9CZ30,0.6938328189918848
P31725,0.7327263025445164
Q9CT10,0.6622012764849078
P11087,0.6346671884856876
P24472,0.7631849163631735
F8WJK8,0.7609900588114299
P09528,0.7345471149918252
P35235,0.6994607816258278
A0A0G2JFY5,0.6653579894687234
Q02819,0.6531897843531733
D3YWF6,0.7041863432048648
P06797,0.654677701670649
Q9DCN2,0.6990246327767956
Q9DBE0,0.7396773878607315
Q99J09,0.6230936740569609
P54822,0.6801847178421104
Q61704,0.6658432621533861
A0A3B2WDD2,0.7160566040141328
P61205,0.7163857269523655
A0A1W2P7A1,0.7306668168362489
Q9D8U8,0.7543553985191331
Q8C0L6,0.6218162891123731
G5E895,0.6673359681530044
Q8VDN2,0.623284235398924
Q9CPW4,0.7068062633932509
Q61081,0.6782211613666688
F8WID5,0.7614939037339882
P07310,0.6795078506623468
Q9JMH6,0.7165985319125958
Q9DCJ9,0.6723936242887238
Q8C845,0.7160742121539799
Q9DBB9,0.684633556082002
O88487,0.6901592859176073
P97855,0.6495155769113858
Q8CFG9,0.6686642687557675
P63037,0.6463290599870551
Q9CXW3,0.668285806271282
Q6P8X1,0.6846990781551751
O55234,0.6841863423295158
Q9DBG5,0.6602709072313774
P47738,0.6774546726393729
Q9DBR7,0.6798429129465335
Q8R1Q8,0.6798832881917383
P10630,0.6800348361679573
P62814,0.6984942199979471
Q9CQ60,0.7176407065784096
P53810,0.7102649730165003
P61222,0.6522178950094418
P10711,0.6643400143425459
P35564,0.6279163239434511
Q60598,0.6970973019816473
Q8VCC9,0.6204860801104448
Q9WVE8,0.6834755936064121
Q8K157,0.7326882571941061
O09159,0.6127581037619153
E9PVA8,0.6599582509845822
O88851,0.6915920508125363
Q61635,0.6630385786158114
P54923,0.6867701423029346
P14152,0.7926220512992181
Q91YR9,0.7240193500297459
P05784,0.755450847831683
P70698,0.5923988457439198
Q6DYE8,0.5531429178030324
P17427,0.6589280149739701
Q8BWY3,0.6723515356527922
Q8CAA7,0.6353554199671969
Q3B7Z2,0.6212804161153188
Q62426,0.7574923229023074
O55131,0.6252685798805725
Q8BML9,0.7543663569047956
P26262,0.6938874063018485
P24288,0.713185870667737
Q9WUA2,0.6683361661128647
P97298,0.7016405593765007
P01898,0.6594554751071857
Q810B6,0.6379722305351524
P63028,0.7384264875195472
Q68FL4,0.7092462718812759
Q8BX70,0.6725791785695397
P14869,0.7230283355485213
Q8BTZ7,0.688859867994385
Q8BJU0,0.6594643336775142
Q9JL35,0.659021390511186
Q9JLI8,0.6200420726160986
Q99KB8,0.6260940106563464
Q8BUV3,0.6264419172326801
Q8K010,0.668651052168528
A7ISP9,0.703528886225877
P28352,0.7124600121217249
Q6NSR8,0.6844870176788889
P47911,0.73573074063544
Q8BTS3,0.6534226010866578
P26043,0.6826675343889823
Q9CY64,0.6749824895628647
O70435,0.7270597363311913
P19973,0.6686410933195321
K3W4L3,0.696493524940887
O08804,0.6702181748404281
Q07456,0.6516166947672267
P08607,0.643231295173916
Q91V41,0.6765716280823356
P35980,0.6942357028090602
Q99LD4,0.6688601982533035
P15947,0.5780576594250255
P50404,0.7167401142986317
Q9R0Y5,0.7070666015468519
P56480,0.6196923814448664
Q9DAR7,0.6726398583272524
Q3TML0,0.688016120683226
P17710,0.63120274295545
Q91XV3,0.612281470503433
O88685,0.67100875122511
Q61074,0.6661366079806649
Q80W21,0.6671271351063076
Q923D2,0.7168129569626449
P17156,0.6742958088868233
P04117,0.7598793217654298
Q9CR00,0.6604345540080641
Q8C7R4,0.6993059456261945
Q9WTQ5,0.6991544694311804
Q62219,0.7537523915365995
Q9R069,0.6161682207891702
P24270,0.6806145109914407
Q8VDK1,0.6268259137034319
Q922H4,0.6301915029464569
P30681,0.7341421506820264
Q9Z2U0,0.7429355218189599
Q61990,0.6256726628623933
Q9CQC6,0.7365476755337622
Q921F4,0.6860929584925762
Q9Z2N8,0.6010696337123553
Q3TTY5,0.8177454902986734
P42227,0.6475741322171408
O88958,0.6663319664087136
Q99LB4,0.7159624058926818
P62827,0.764347256804235
Q6P1F6,0.6520263537659825
Q6S9I3,0.661408785457125
Q8BU85,0.6630939312189069
G3UZ26,0.6737209690234589
Q8BHG1,0.6837394620145979
Q8R050,0.7020586531326741
Q8CG76,0.691200491804181
F6ZHD8,0.6580436959492036
Q8BGD9,0.6640770807607247
O35887,0.5532697791440727
E9Q414,0.7278757353117721
Q8BZW8,0.6557855238661184
P51885,0.746101486293255
Q9WUM3,0.701724817764816
Q64726,0.6810279996468891
Q99MD9,0.65046368380711
Q4VAA2,0.6307104427364575
Q91Z53,0.6860076921308254
P01869,0.726563588363739
Q9WVJ2,0.6788891494774754
Q9CY58,0.7028220525751061
Q9JIF0,0.6859705951392384
Q9QUM9,0.7317916484494202
Q62446,0.6707518993185436
F7CUP3,0.6518651183443771
P29788,0.6791257443885461
P70372,0.6691294702310304
A0A1L1STE4,0.6510951918837066
Q91V76,0.6828685993152963
P00493,0.6762330918301105
Q9CYR6,0.6806866939568746
Q3TW96,0.6694085815630498
Q9QXT0,0.6069247829902852
P26369,0.6343285833604385
Q9R0P9,0.6363413762705457
G3X9Z5,0.5480076580792337
P22599,0.8345804911531917
Q05BC3,0.6731432672622999
Q6Q899,0.663109489239204
P34022,0.6969568666192417
P32067,0.6875008865564555
O35744,0.6267451912560007
P61202,0.6563429185428474
Q922F4,0.6742983893375739
Q9EPU0,0.6630528387528631
Q9Z2M7,0.7345296213367469
P97825,0.645642755770775
Q91W50,0.6416196648516457
P51150,0.6776392407482977
Q9EQ80,0.654473505009468
P62751,0.7096077887348675
Q06138,0.6625332746750163
Q9CPR4,0.6952882032619231
O89079,0.7145305516685232
P17918,0.699531634706646
Q8C0C7,0.7511179432256598
P23591,0.7142401302350051
O88456,0.7083584940702149
E9PYI8,0.6727119912698932
Q9JI75,0.6423559544655434
Q62148,0.7121872813367327
Q4FZE8,0.7301803135205426
P26350,0.6687993873830498
P70670,0.6851184528653096
P63242,0.7465927952749506
Q8C7E4,0.688130562246794
P61087,0.6747723517082662
O09172,0.6562307910513151
Q9QYG0,0.6258884675661592
Q921M3,0.6576048279181878
Q8BH35,0.6699079503424207
Q9R1P1,0.6938435740465142
Q6IRU2,0.7054434643792264
Q9Z1D1,0.6711120603940453
O35286,0.7110307198141472
Q61655,0.662590894015339
Q9QZ08,0.651555478360556
Q8BVE3,0.6329018364880417
Q9WVQ5,0.6684343850022757
O35841,0.6745528760848378
P63073,0.6812364020957048
B1B0C7,0.6281682773667888
Q9QWK4,0.6277939809613939
Q9DBK7,0.6745765347758156
Q9DBG3,0.6657161018586379
Q78ZA7,0.6771058472330583
O70557,0.7666493998346229
Q9CQM9,0.7074593795901315
Q91VH6,0.6620141432422089
Q9D142,0.6355838797464045
Q9QXC1,0.7178779537043697
P97470,0.5852298216735233
Q8BFY9,0.6294851395695693
P62281,0.7081543019650539
Q03265,0.5793044079557345
G3X8T9,0.709465095146164
Q64467,0.7107233881238635
Q99LB6,0.6933032168797649
Q9CQ19,0.6830443327631325
O54724,0.6850979622915947
Q148R4,0.42705211307703783
P42208,0.6831761294099463
A0A494B952,0.7131127871970266
P09036,0.619427982657837
P0DOV1,0.669341376602464
Q04857,0.6061465363476737
Q8CG72,0.7059069524483864
P63038,0.6753011955140307
Q9DAK9,0.7313227025228466
A0A0R4J049,0.6450346494490552
P46412,0.7166772298361652
Q60631,0.7226233624852483
P00683,0.0
Q64674,0.6798962186837331
Q8VCA8,0.6476505544751741
P61164,0.6622135635226728
Q8BTY1,0.7001181952947003
Q8VCT4,0.685635810042811
Q8K4Z3,0.6987747988315414
Q9CQB8,0.665577088135301
P43274,0.718819477374045
Q99KP3,0.6780890637556606
Q07235,0.6365297556607296
Q7TPV4,0.6163879935186626
P62754,0.653439195484806
Q9CYT6,0.601785116142613
P62717,0.6686723719697902
Q99K48,0.6541756938590242
Q62422,0.6433597646360691
Q01405,0.5859371109883813
Q6QR59,0.6781846736503135
D3YUT3,0.694904325141716
P26231,0.6376891371989734
P54071,0.7399193129779187
Q99KH8,0.63253319666607
Q9QY48,0.0
Q9DCC4,0.6881578040115626
Q9CRB1,0.6529773102580851
Q99L45,0.6644183500587687
P70271,0.6602450853526973
Q9WUK2,0.6897722216685768
Q8CAY6,0.6481353032037933
Q62093,0.7161462439061458
Q9CQV8,0.7696719963802218
E0CXN5,0.7088148622422004
P54823,0.6438111616578296
Q9DCV7,0.6935645800578882
P32848,0.7881879688986688
Q9JMD3,0.7507628486065333
G3UXL2,0.7109720635444736
Q6P1B9,0.669873661989186
Q9JLQ0,0.6907814885972562
Q9WVJ3,0.6317698107064967
Q99J36,0.6506106382206814
Q9R1P0,0.7171721963969216
P47713,0.6406621333941542
Q9WTI7,0.6414710108561114
P62911,0.6478415419825444
Q9Z0J0,0.6935832832531279
Q9DCT1,0.6649586499997097
P62270,0.7224052260293534
Q9CPU0,0.7378554918237088
A0A0A6YW77,0.7192808902327462
Q8C0E2,0.6218424192176476
P97461,0.6443998342638394
E9QP62,0.6491683704518696
Q8R0A5,0.6977191072057092
Q8C0M9,0.6351596179821479
Q60967,0.6470104207219317
P62264,0.6999074746078127
P40336,0.6556167470566394
P35979,0.709296427544991
P43276,0.8096594688497812
Q9WTX5,0.679780252850848
Q8BG13,0.6607337348627993
Q3UP87,0.5882933448205284
G3X8T3,0.6243842153489106
P58389,0.6763196805858415
Q9R1T2,0.6788082486776725
O35295,0.6817039225133983
P45591,0.684058922602678
O08663,0.6456589062079424
Q9DAW9,0.6206817625380109
F8WI14,0.683712205141251
Q8C878,0.6216251382442323
Q8JZR2,0.6478772654331185
P16460,0.7543237251635637
Q921M7,0.6558643195728489
O54988,0.6194995651747094
Q9D2V7,0.6168409275501171
Q1HFZ0,0.6402680642305969
Q9WUB3,0.5954013923748056
A2AUD5,0.6497434677868508
Q08091,0.6546694581174903
P62918,0.6989164808089519
O88947,0.6446581774794432
P54728,0.715923865389574
P26443,0.6437847610049598
Q61656,0.6340626834568737
P61358,0.7144454872701311
Q8BP48,0.6311417494898475
Q8VDM6,0.6283076554104999
O08795,0.6822100423758194
Q3TGS7,0.769536908212992
P08121,0.5969400343189304
P28660,0.6831597263757226
Q6A028,0.6290593064805979
P49443,0.6212355690456973
Q61205,0.8304899251161257
P35123,0.6335513631488099
Q8BWT1,0.6013556834200152
Q9ET01,0.6712703326731897
Q9EQU5,0.7300861858910749
P34914,0.6584460653746721
Q9CZ42,0.6469275043615809
Q542V3,0.6235034469412006
Q3UXL1,0.6480721313753662
Q9WTX6,0.6170507865375321
P35505,0.6204632952781474
Q9D0A3,0.683879377945905
P14206,0.7320229040911496
P70202,0.6433008469009931
Q9DAU7,0.7045843319049524
Q9CR51,0.6421245848187058
P11859,0.6860152876254322
P70697,0.6141738767995245
Q3UEB3,0.6668279907774206
Q9JKX6,0.5918513890996601
Q9Z185,0.7363051584933173
Q60829,0.7711301805844746
Q60737,0.6387676725057381
Q9CWZ3,0.6410771059104419
Q8CGA0,0.5678440217306734
Q9DBZ5,0.6249090627843534
P03987,0.6797405953169402
Q91XU3,0.6097255823853923
P01837,0.7044830706986827
Q9QYC0,0.5985594260209163
Q9CXA2,0.6133419242864656
Q8R1F1,0.6681881261909149
E9PUM4,0.5610043882655388
Q6PDI5,0.6064551246663326
P62317,0.6696746355675004
P46638,0.7302360595305872
P45700,0.5918263560442434
P49710,0.6364122764779603
Q99LD8,0.6973277829067466
E9Q7G0,0.5869702015863303
P16110,0.6818375912096709
Q9CQM5,0.7112472640877874
P05202,0.6737509823138789
Q07968,0.6123088881123682
P99027,0.7207525977801361
E9PX96,0.698898207410531
Q64213,0.6402434863856531
P47811,0.6180091526968556
G3X8U3,0.6622723095110612
Q3UZ39,0.6217397622809193
Q62376,0.6723914060454299
Q9Z204,0.6564212767099
A2AJB7,0.5510965532376202
Q62348,0.7222578720631493
Q9CYG7,0.6417262633381133
A0A0R4J050,0.6309347665536683
Q8VBW6,0.6486398212629724
O88545,0.661831535645398
P46467,0.6673321990446188
P39447,0.6311283665408491
F8WIP8,0.0
P35279,0.7181015342825033
Q9CQI6,0.8083544929399334
Q62384,0.5632862683084948
P28654,0.7028723319763686
Q62189,0.637245320824198
O35640,0.6782541527785827
P49722,0.6949816362858872
P48428,0.6993675073716306
P42232,0.6490887010009989
Q9WUM4,0.6638785627529432
Q80YC5,0.6095302665934829
Q6P8I4,0.607312958529609
A0A1B0GSU0,0.6436296414977939
Q921K2,0.6130541545096906
Q9R1P3,0.6985297574184758
Q78IQ7,0.5609704778109749
Q91YQ5,0.6042840462388367
Q9QZ88,0.690565461235063
E9PY39,0.7410506375930614
P13439,0.6442497556467991
P40936,0.7240304579918821
A0A0A6YY53,0.684856895574824
Q8BUR4,0.6072923195401344
Q91V89,0.6803241324223904
P28843,0.6253830239275466
Q91VK1,0.6700761778658437
Q9JM14,0.6795555377921544
P63054,0.7392765004204768
P30275,0.6824263257996104
Q99JT9,0.632324447451142
Q8K182,0.6081179367562324
Q8BH58,0.6083801991588471
Q04750,0.6280438547076336
Q8BIW1,0.5969332990528271
Q8K3H0,0.6810923774887855
Q9Z2K1,0.7651834875474537
Q5SUT0,0.6457043928116204
P48024,0.6009488577238183
Q9JLV1,0.6403234530072667
Q9DCC5,0.7022776976755453
P60766,0.6949795249162791
P00687,0.5671965893148342
P21765,0.7228981021461444
P68372,0.758704967453565
Q920B9,0.6150657771209223
G5E850,0.6423669358824887
P63328,0.6047620029471429
Q6PAM1,0.6033887330129314
Q9D8S4,0.6515497927677631
Q64520,0.6207619788827562
P56546,0.6273253152923505
P61982,0.7293998643512581
P56212,0.6500112295751111
Q61805,0.6545994550737423
Q9WTP6,0.5332431992647232
Q9CQW9,0.6178333412357219
Q06770,0.74843817767202
O89110,0.6305092679010436
P63254,0.7786418440349797
Q99020,0.6990496302464565
Q8C166,0.6328355570201764
P59325,0.6442820647568233
Q60865,0.6388987148177984
P35278,0.6520821973108434
Q8K274,0.6090477813544464
A2ASS6,0.7678281869335134
Q8R0P4,0.6613950508718947
O70310,0.6228146976303064
P09470,0.5877373335891782
A0A0U1RPG8,0.6035022842680835
P31938,0.6329337178819251
P62889,0.6495613893863655
A0A0N4SVS6,0.7007550965778769
H3BJW3,0.6603798896291241
O55135,0.6469827840290693
P61082,0.6596343555724071
F8WJ41,0.6683380454495267
P97379,0.6396195658026433
A2AIM4,0.7390057141036259
Q9Z2Y8,0.6551094751235246
Q8BHG2,0.6701939649689052
P07744,0.7206014709501186
A0A286YDI8,0.5997053973663479
Q8BT60,0.6617428823985662
A0A140LHA2,0.6331138946526663
Q76LS9,0.563479821510141
Q99JY3,0.6556695322114633
P28063,0.6807129021493621
Q9EQR4,0.5400552068204185
Q91VW3,0.6978111897858135
Q3ULW8,0.6199803838655971
Q921F2,0.6564744639296779
Q9CX86,0.6272444492952877
Q63932,0.6324461972808212
O88543,0.6279615233543863
P63085,0.6896886562918225
Q61510,0.6252230912074668
P62137,0.615403048529711
P28658,0.6747974143736314
P0DOV2,0.677965446927558
Q8R1G2,0.6430720998593977
Q6ZWV3,0.686001225833019
O08583,0.5907797077485838
Q9D6Y7,0.6576931574732355
A0A1Y7VMN0,0.617429333998503
P60867,0.6946925331189627
Q8K4Z5,0.557870629977386
Q61937,0.7091473795677827
Q9D1E6,0.6468236525996719
Q8CEK3,0.6546932698615451
P62821,0.6674681602877347
Q8K3C3,0.6006824934695376
P53811,0.6883644517714881
P97314,0.6166253142654369
Q91XD6,0.5929536581211666
A0A0R4J1Y3,0.7180749386407546
Q9DCZ1,0.6730837686849233
Q9QXD6,0.0
O55143,0.6380248598007084
Q9Z1G3,0.6404057458978467
Q00898,0.7145543854795849
Q8BTI8,0.6387360443910408
Q9DCL9,0.6890754198231225
Q8BFQ8,0.5661709252172883
Q8K426,0.5667056723709473
Q9CQR6,0.6509783753819935
P13864,0.6341635163350018
Q08943,0.5909389423273462
Q9EST5,0.7215826934192956
P19253,0.6598226895145582
Q01149,0.5933374402261216
A0A0G2JE99,0.6357689394790879
P14131,0.7461518943162522
Q6ZWN5,0.7101989638319296
Q60662,0.61717501452904
P21300,0.5629803683575969
Q9EQQ9,0.6228117145146966
P63168,0.7294151166320131
P10639,0.7636221398478918
Q91VM9,0.5904093634076347
O89112,0.6515212217862727
Q8CC86,0.5828987464394171
Q9D892,0.640842195989727
Q60972,0.6275076344225564
A0A0R4J034,0.631883546129189
Q60692,0.7007545168619853
Q6P4T2,0.5945431106507262
Q9D1M0,0.6382904864340135
Q64378,0.6364979469726456
P22907,0.6559656508721552
E9PXY8,0.6101835017600091
E9PUD1,0.5880656245721707
Q8BVF2,0.6065865281588846
Q9QZM0,0.5665096273736215
Q6P542,0.6155391128744502
Q925P3,0.0
P99026,0.7036065824809339
Q61581,0.5310438525413583
O08738,0.6530828669824129
Q9DCS2,0.6197643564780004
Q8CJ53,0.6281570365879477
P41105,0.6471320450615989
Q99JI6,0.666696979105237
P11031,0.6772879722772088
P14115,0.6741487757005579
Q62266,0.6351362041394567
P62830,0.6612874693674926
Q91YN5,0.6269754678059276
P98078,0.5894617175987974
E9PXX7,0.5933136936650514
P55302,0.5954018845211131
Q3U5Q7,0.6261872631692678
Q9D883,0.6852932412595364
Q62009,0.6489503244130544
P97310,0.5511646750109932
O70251,0.6885500782468544
Q80X50,0.5897488290907478
Q6ZWU9,0.6426831181354237
Q9QYJ0,0.6480296314367471
Q9CZ04,0.6329053409064808
Q9CR57,0.6908449702995818
Q9ET26,0.5887933069352214
O70250,0.5672273654668216
Q61599,0.6934589496614991
Q9D8B3,0.6841965866566133
Q9D7H3,0.5741433742355947
O09167,0.6889785317990925
Q9Z0P4,0.49498843299822926
Q8CCS6,0.6194706571079177
O35226,0.6518820976656192
E9Q4K7,0.6058088291513568
Q9CZU6,0.6674941130802088
Q8JZK9,0.6045041113040759
Q5SF07,0.5593747145466967
G3X9T7,0.6198211433082106
Q3TDD9,0.5950790219995233
Q8R059,0.630367841774233
O54879,0.6228208008226345
P13634,0.6702442308526892
O54962,0.6787536127494342
Q8K2Q7,0.6575895632720846
Q99NB9,0.5488449176494973
O70591,0.646835516609317
P62627,0.6357064554227847
Q60994,0.7190139892195939
Q8R317,0.6409728109318379
Q9CQR2,0.6702348849699581
Q03734,0.7015165181763698
Q9CZM2,0.6807770610816067
Q99JX4,0.637631163586196
Q9D0W5,0.6239254116841454
Q6P5E4,0.5362000026038842
E0CYV0,0.6561263626622503
P45377,0.6750571888607355
Q9R062,0.6185740353277286
Q9JKB3,0.7448845223064673
Q9QUH0,0.6580072674660814
Q8BL97,0.6448441054403843
P59383,0.6403139135738757
Q08093,0.5619081901317412
Q8BH97,0.5475592381294282
O09164,0.6093581339426563
Q99MR6,0.6122822301575475
J3QNU6,0.6549215415303807
Q8VE62,0.5723977332633153
P82343,0.6173026333735833
P51855,0.6460790335972943
P61089,0.7342109431670392
Q9D8S3,0.5836165377458523
Q3TJD7,0.6752000805429274
Q61759,0.0
Q6PHZ2,0.6750765373773772
D3Z5G7,0.6060740096891113
E9Q740,0.5815101717299742
P97807,0.646490586677337
Q9CR70,0.6158809300732202
P70195,0.6842305804004821
P35441,0.582870220831196
P70677,0.6848331243326411
Q9DBC7,0.6799357258077835
P84091,0.6291824488128236
A0A075B5V1,0.6694899259505077
Q60676,0.6109441368891466
Q9CQE8,0.6191907728815969
Q01730,0.689439665287818
O35127,0.5782237789693401
P62869,0.7492031071534241
Q7TT50,0.5675642809951836
A0A6I8MWZ2,0.5855280070528917
Q920E5,0.6611003015511069
P53994,0.6134080808282797
O35864,0.6591417455941808
Q7TQH0,0.5774678744414106
P62301,0.6712673657738343
Q9JJU8,0.700902289254496
Q8VBV7,0.6438656744909126
Q9CYI4,0.5748940212984949
Q9D1Q6,0.6723043843528564
P09041,0.5674902446921963
Q91VM5,0.6035518735688696
Q9CXI5,0.6261712150963166
P47857,0.6185277123145185
Q91VF2,0.6696033379896085
Q8BVQ5,0.5700784670302569
Q9DB29,0.648056957465335
Q5SUH6,0.5553881924011627
Q9DB05,0.5655900968002661
O35344,0.6620095914840887
Q9CQW1,0.5972443498258115
Q80UM3,0.6590337280791725
Q99P72,0.5748182013176629
H3BKR2,0.6710296200101995
G3UX26,0.566980288496417
G5E8V9,0.5692178909351523
P83940,0.6685910624822846
Q7TNV0,0.6279310150083706
P27641,0.5302853400425634
Q6PDQ2,0.6328532135066977
Q8BX02,0.5532750065445073
Q6ZQM8,0.62096485753519
F8VQJ3,0.5799978876935548
Q8K2T1,0.6016435074140445
P16301,0.6324886652945995
Q8VEE4,0.527379313134149
O35309,0.5982344213719993
Q9D0T1,0.6677060356903094
Q7TMM9,0.7612191040895437
Q66JS6,0.6192944433224007
Q8BP56,0.6199821089586174
Q64339,0.6175820372056013
Q8VI75,0.6617403836281079
O08585,0.7131894576370904
Q62084,0.5956483577156493
P21550,0.6256768701344199
A0A2I3BR29,0.6199429214109665
P62897,0.6261463584350702
Q8R574,0.6179359760110507
Q70IV5,0.5775553088686532
Q922D4,0.6053260136930395
Q68FH4,0.6727680204933645
P01899,0.6189659106095207
O35593,0.6952499912283193
Q9D8S9,0.6088961491507553
Q6ZQK5,0.5922242609889453
Q8BKG3,0.5790572672651033
Q60739,0.6525972922748045
Q6P9R2,0.6120435005308607
P51432,0.5918256611850286
O70172,0.5864425153060195
P97311,0.5562144294602774
P23780,0.5248642901817215
A0A075B5S2,0.581974849755939
Q8CFZ6,0.6163062984460203
Q91YE6,0.6442400572984445
Q9CX56,0.6535643956988615
P01887,0.721204567120099
P12246,0.6313112435504552
Q9JM76,0.7680523854373446
Q9D8C9,0.5376527453687621
P84089,0.6619670893735401
Q9DBG9,0.630419587308579
Q9CR50,0.4995896140213789
Q9JJV2,0.628835569426385
Q9WUU7,0.6264530188093279
Q9CRC9,0.5981005931774948
Q8CHP8,0.6423342845857674
Q8VCS0,0.5930533822907718
Q3UMT1,0.5188348265778401
O70555,0.7283814689627979
P62267,0.6811284407035871
P62071,0.5998581933012718
Q61881,0.5909569052007506
P12815,0.6148831234453088
P70671,0.533274340349417
Q5BKQ4,0.6005319791339319
O54782,0.5826558032239155
Q80VD1,0.6135314799104373
A0A1L1SVK0,0.6417886473539428
P62996,0.5945993692915104
B1AQF4,0.6258331152906252
P08074,0.6366190413562538
E9QJT5,0.6394004987545818
Q9EQ06,0.652114049603277
A0A0A0MQC3,0.6644150671728158
A0A0A6YX73,0.6488245928861747
P52623,0.6773693559748261
P14847,0.6259117362625195
C0HKG5,0.6149284124294612
Q920Q8,0.0
P97823,0.6437855225439255
Q99LC5,0.6076849659619747
P09581,0.6294005448562922
Q8BP67,0.6474815397353902
P59999,0.7106367453425834
Q9EPK7,0.5608197310201374
A0A1L1SRG5,0.5802164115418312
A0A0R4J083,0.0
Q8JZV9,0.6046827178495916
Q91WK2,0.636700443595227
P16330,0.5959218876668307
A0A286YDF0,0.6028830475329519
Q8CFX1,0.6078199538780992
Q9D1K7,0.5922437911639825
Q8VHM5,0.6620646046212764
Q8BMY7,0.5346947403998082
Q8K1J6,0.6026585508637491
P20060,0.6616121645439116
Q8VH51,0.5751836198688491
Q64282,0.6343989897598833
Q8CB58,0.6832404007647842
E9PUA7,0.6623161889430695
Q3V2J9,0.4655459711667467
P27048,0.6224189141634879
Q68FF6,0.5714217877228069
A0A0G2JES3,0.6577342499366696
A0A2I3BQE0,0.6262101573331048
P56380,0.6310480176010064
Q8CBB7,0.6541343350802882
P31532,0.6016810443249245
Q99JX3,0.4977459435109389
Q9D1C8,0.551100631964023
Q99KR3,0.6008190439097161
Q9JII5,0.5892403657992059
P70288,0.6221099797918467
G3UZ30,0.5386712716701831
Q9D281,0.5560862704579034
A0A7N9VR94,0.6559862126971356
Q8VEE1,0.6026786774403109
P70303,0.5567368163016622
Q3TCJ1,0.5921466031886117
Q9DD18,0.6157016720596462
P45878,0.6141290298773808
P62320,0.6594470288002614
Q8BGC0,0.5777070444339999
O54774,0.6676588924798504
Q8VBT9,0.5625543130127327
Q99PG2,0.5895014506494608
P13745,0.6815499679141871
Q9CQI3,0.6569859845888381
Q9JJN5,0.6128252896020915
Q3THG9,0.6236330281676437
A0A0G2JGI9,0.6402767736778195
D3Z7C6,0.7102734388019011
Q9DB27,0.6227921298801063
P50428,0.0
Q9D7I5,0.6516692716778564
P51910,0.5779338900860934
Q9Z1T1,0.6061414116059732
P01644,0.6075379988767431
Q6P5G6,0.6044958805045729
P51163,0.5204329856897233
Q8K1R7,0.553097799310822
P06869,0.5178842979637297
Q8K0T0,0.613582656978009
Q8CG03,0.5580522288818609
Q9DCL8,0.6521282150508974
D3Z5N2,0.6603777268821915
P52760,0.6559879136606962
Q99LI8,0.655629291586561
P84099,0.6858425294180709
Q9DCH4,0.6784106443608608
A0A075B5M7,0.6497637783511279
A0A075B5R5,0.6501330701127266
A0A1L1SSH9,0.6911546852483251
P41317,0.6179573028249145
O70318,0.6129614731160531
Q61584,0.6035302215645028
Q61398,0.0
P41241,0.6134292737943196
P47941,0.6203581446806059
Q61495,0.5858392697161373
G3UZ34,0.5814521090321867
A0A075B5T3,0.5840331105521038
Q9D0F3,0.578974914194332
B1AZP2,0.5808596586120336
D3Z7U4,0.5314580820883348
Q9CQE5,0.5349757908691463
Q99L27,0.6272897691718426
P47879,0.6236839947878081
Q8R121,0.6997772546632882
P62082,0.7472819228844937
Q9JHK4,0.7334772267511507
P97346,0.6104692785229048
P31786,0.7448831130016916
O55201,0.0
Q91VC3,0.8388751342101598
Q9JI46,0.644545158807509
Q9QYH6,0.553862530674441
Q8CJG0,0.6151934353116273
E9PZF5,0.6382969055104899
A0A2I3BQE3,0.6321511030559801
Q9CPT4,0.6017618556200846
A2ADY9,0.6706882898570653
Q3UWL8,0.6266223190607231
Q8K1B8,0.5837626465836927
A2ARV4,0.6365791918018759
Q9R1Z7,0.6828457995104804
Q8R010,0.6163717750867794
D3YTQ3,0.6674935830910464
Q69Z37,0.6411507897137587
Q91XL1,0.6184817701979672
Q99NF7,0.5481660675887526
Q9WUL7,0.6371016372435587
Q99KP6,0.5853338252874769
P63325,0.6329447426202159
Q9DC50,0.6272776739912375
Q6W8Q3,0.6193986987276141
G3X970,0.5882777873664538
Q9JMG7,0.6271356602497077
Q8CI32,0.5257477501073854
Q61191,0.6206576837411487
Q80XD8,0.6102148113668123
Q9D379,0.5898912546831099
P61750,0.6657940058283462
P39039,0.6367589523026883
Q9R0P4,0.5876809479722821
P35831,0.5437649841085544
Q9EQH2,0.561337232028714
P23475,0.5503682704068992
P62806,0.6914076436416078
Q8BG95,0.6141274064555893
Q3SXD3,0.5896395378643957
E9Q2Q9,0.5277517047771942
E9PV41,0.6517754019730853
O70325,0.6146391292415743
Q8CBW3,0.5872614483588682
Q6PGB6,0.6671594441194415
E9QP56,0.6405205279882867
P83917,0.6359435999005283
P42669,0.6575989621245896
P57759,0.5878096583327594
O70456,0.6652473836774
Q91VH2,0.5958384284498667
Q80XI3,0.5628533210366874
F6V6T4,0.6120166957382205
A0A0J9YU62,0.5886945279957023
P18653,0.6266439793209966
Q80ZX0,0.5828963035842982
Q9D9G2,0.5320973059808112
P35802,0.6246018508527195
P23249,0.4803688905515914
P05132,0.6237014758460043
P67871,0.5995630058176658
P31001,0.6156218951766276
Q9JLV5,0.5854957521263655
Q80SW1,0.6017362487552286
Q9CYH2,0.543702989563239
Q9DBB8,0.5815173393535766
P70122,0.6186449481741964
Q8VEE0,0.5815488039761864
P49962,0.5410481583432803
P17897,0.6583387727998393
A2A432,0.6391253207431676
Q9WUA3,0.6288367100642973
Q60668,0.7962342003196337
D3YZP9,0.6045469674367361
P70389,0.5514454965632477
Q8VDQ1,0.6583189734734175
P15864,0.6536391258274538
Q9D7X8,0.6225440183455038
P14069,0.7649823323347806
O70305,0.7905283301531357
Q8BH43,0.592414203803171
P58044,0.6790553579236163
P60154,0.0
Q8BYA0,0.5846234244608429
Q64337,0.5764401996705675
P18242,0.6278198125485632
Q6NXL1,0.7545666601227324
P20239,0.614379828358825
Q9WVP1,0.585134422624917
Q8VED5,0.6031464999626731
P02798,0.5967302553134319
A0A087WNV1,0.5633767568631489
P25799,0.6280684774952328
Q8BH69,0.6400688531085195
Q9DCW4,0.7082345546333152
Q923G2,0.5845741592765525
Q07813,0.636343173643236
Q64433,0.6289533262080643
Q8WTY4,0.6053081889533485
H7BWY6,0.6281061078787363
E9Q1P8,0.5582952319097936
Q3UJB0,0.5336867244626374
Q9DBG6,0.617162788496126
P61148,0.6562077907232133
Q9QYJ3,0.6515194880611405
Q8K3W0,0.5793986678453298
D3Z0V2,0.598047726084107
P82198,0.6036130846997231
P57784,0.6509866501549654
Q6IRU5,0.6260684383725981
P47809,0.6576744595194264
Q91YZ8,0.6046372210900076
P09803,0.6452715943642405
B2KGA7,0.6112476049881659
P70274,0.6256056768263456
Q8VCI5,0.6362345239325702
Q4KMM3,0.8052396859376361
Q9EPL8,0.6222314875052528
Q9Z0P5,0.6286901571189006
P61255,0.6821763657336294
Q8BY87,0.6002663832660012
Q8CH18,0.5820609707897542
Q9WTL7,0.6911071668265836
Q8CDG3,0.5923688540730858
P31324,0.510508515316043
P54729,0.57279772927493
P58871,0.5368983614108759
P63280,0.6561928362588366
Q8CHP5,0.6236329257787382
Q6NZB0,0.6431694695410188
Q9Z1R3,0.6320613483538092
Q6ZWZ4,0.6743204555302009
Q9QZE7,0.6331211870939467
P97765,0.6238030450250245
Q3UJD6,0.6464104320486963
P61514,0.6017643230556295
E9PV38,0.6297926907310825
P15327,0.6147482255600215
A0A0B4J1I9,0.5757089286519095
Q9WV55,0.5652372093383518
Q9ES00,0.6003662726536394
O54983,0.6239801492850389
Q62074,0.5346970724284242
Q62419,0.5819968064269405
P49717,0.5825450571168045
Q8VDW0,0.5776048726852425
P26516,0.6444377986030827
Q8K0G5,0.501058844382957
P20352,0.0
P37889,0.5696179626029758
Q8BVU5,0.598518251025722
Q3UMU9,0.5880380227002683
P63276,0.6279117547031099
P12025,0.5532290265247148
A0A494BB95,0.638122534682326
Q3TLH4,0.5290456583681148
P14106,0.6054022663435132
Q9R0H5,0.5472462127421344
P29758,0.5900266568894726
Q91WE2,0.4852278907612731
P62307,0.6234091078934776
A0A0B4J1H7,0.5664106071022539
Q9Z1K5,0.5858576696010436
O08540,0.6020667572286696
Q8CI33,0.587006979398729
Q3THK3,0.6406486283578212
P27005,0.6192093999249202
O88593,0.6363072088036215
J3QN89,0.5074179138332015
P97350,0.6057980798312618
A2BH06,0.6477502021227909
P61079,0.514995177578249
H3BLI9,0.6426331642849569
A2AQN5,0.6098540650929729
P33267,0.5494877269796224
O35326,0.5889474911089035
Q3UH60,0.4806976866290128
O35594,0.533005564281387
P41778,0.5801684622516174
Q8BVG4,0.5814796575493082
A0A0G2JGQ8,0.6945494337610242
Q99LR1,0.0
P61965,0.542311407466238
P30412,0.5842453714004354
D3Z6Q9,0.5401282090791556
O88587,0.6377738749970482
D3YYK8,0.5599573115862851
P62774,0.6895958221521046
Q5SYD0,0.5600817713405899
A0A0U1RNF2,0.5922474141223911
Q9JLF6,0.5909824216371287
P12265,0.6462659528676735
Q9Z1A1,0.6252177570994131
P62878,0.6353238044160759
A0A1D5RM23,0.6228542588642095
O08807,0.6647272193793302
A0A5F8MPZ2,0.7420392945446901
Q61249,0.5469169393153233
Q9D1M4,0.6284325702577974
O54734,0.5451269202982382
P70158,0.0
Q9CQ48,0.6302276921344728
Q3UHX2,0.6654512084915732
P28667,0.5907723219262138
Q80UP5,0.6248757302913319
Q60902,0.6989319264184852
Q80W22,0.5484977774316555
O09044,0.5373255577672725
P01642,0.5509956420536382
Q8K2F8,0.5645824820655297
Q9WTN0,0.6655230012517637
Q3TNA1,0.5564720979471147
Q9DCG9,0.616193061267292
P70695,0.558322098535028
Q61414,0.0
Q8CHH9,0.6150038252158344
D3Z660,0.5772471675970869
Q61087,0.6194699243581556
Q78JW9,0.6260259318616685
Q8JZL3,0.586124221848938
Q9D0M1,0.5172456502241713
Q9CPX6,0.5885178794788896
Q9CQF7,0.5395188181151175
P97816,0.6400169206962405
D3Z2H9,0.6729037737315531
A0A0A6YW06,0.5581725807892561
P97864,0.5783572138167816
P22935,0.6717596387217906
Q6DFW4,0.6753750015849216
Q9JHQ5,0.5882193847824531
P62855,0.6697791576075135
Q91ZX7,0.5331687014789902
Q99PV0,0.643589253213851
A0A0G2JGU4,0.564821773524048
Q9CR09,0.6458804997852114
Q569Z6,0.5062112771608459
E9QJW0,0.5656706298308705
P08030,0.6835370204077013
Q80SU7,0.625799676819041
Q922J3,0.5686313178349344
Q05186,0.5276139558337934
Q99ME2,0.5539403716717985
Q8N7N5,0.5653985175859695
A0A1D5RMM8,0.5505516091506492
P30933,0.0
Q8BM26,0.0
Q63829,0.5959908387058033
Q61391,0.5958286751068466
Q9CR26,0.6481043254688083
P10761,0.6368774667702318
P62849,0.6498192439507295
Q9D1G1,0.623250120128879
Q9QZQ1,0.5743131981061683
Q9R0M5,0.5560895346674138
P61971,0.6756954691269269
P61327,0.6394543296518961
Q9QY36,0.5556249758677588
P62315,0.6332223522270974
Q8CG14,0.6258205910634442
P60840,0.48134786541267655
Q3UN54,0.0
Q6PGF7,0.5662420238358584
Q91Z40,0.5184181300998089
Q6NXH9,0.7483549011406508
Q99JB8,0.5671998557207318
Q02248,0.5329850629467323
Q9CQJ6,0.5822299674862844
Q9EQ32,0.5173216205664596
Q9D0L8,0.5999857790061998
Q7M6Y3,0.5998980261355665
Q8BH93,0.5643432349902853
Q6PIP5,0.5759515392719976
A0A338P7E5,0.6370990012443848
Q99JI1,0.5577709199351224
Q6P5B5,0.5024096288365129
Q9EPN1,0.5752494837023412
P49182,0.7562128747583416
Q6EDY6,0.5486977567790272
A0A140T8M3,0.5448404919713639
Q9WV54,0.6182717283293498
Q02105,0.6133899240273076
Q9EPB4,0.6913454366224453
G3X9C2,0.5850344706913794
P83741,0.6419881758508421
A0A0R4J092,0.6178706326739936
A0A0R4J140,0.628850664346153
Q9CWW6,0.7971185683142048
K3W4Q8,0.6007197976118174
P01592,0.5851866322025114
A0A0R4J256,0.6653653688100785
O88271,0.5753052079153622
Q9ER72,0.5708643519326366
A0A5F8MPP7,0.635845550047218
Q9D5V5,0.6320483142204406
P70333,0.6476216420107349
Q9Z0Y1,0.6211983142038083
Q9CQH7,0.622280665061797
Q6IME9,0.6732250703971796
P36916,0.5657999420432782
O09114,0.5996149691228001
E0CYT5,0.614575877073347
A0A1D5RLN7,0.6201210552415658
Q9D358,0.6781180105520976
Q9D9X8,0.47926652242033185
Q8VDG5,0.6023172428695098
P49442,0.5593550834154108
H3BJZ9,0.5904316196085173
P84104,0.694355272949108
Q8BFZ9,0.5175746109129249
Q61187,0.6172383342585308
P62257,0.6075442412975226
H7BX88,0.5717921495207797
P63087,0.6818923768429915
A2A5H4,0.5444429192439821
Q3TEA8,0.5677821677726179
Q99KW3,0.5046042947346239
Q3UIA2,0.4359755664331214
A0A140T8M2,0.6621351790401502
P62900,0.6784562083165735
Q8C6B0,0.6069536440461011
Q8K2V6,0.5034773647054454
P62311,0.6076027061244141
Q7TMC8,0.594753040593419
P46414,0.607659981677198
Q9QXZ0,0.5337502010063839
Q62048,0.6524781942515204
Q91V12,0.6125421307612431
P18419,0.6152487127573851
Q6NZN0,0.6771533247336561
Q3U0V2,0.5711827174494531
G3X957,0.4613514992704748
Q8R4K2,0.5376297726800064
P62852,0.6448784567972293
G3X9K3,0.6738946144772912
Q9Z1W9,0.5762198955928407
Q9QY24,0.5639624129110241
Q62159,0.6427260878151756
Q6P2K6,0.5830401315835015
P28867,0.5756391540627935
Q6ZWZ2,0.5881408394504559
Q8R5H1,0.7001341393899198
P56375,0.6017981916945262
Q9WTZ1,0.5161967358426048
Q9WU84,0.5595043361747684
Q9D6H2,0.5740943526290126
A0A6I8MWZ0,0.5357769700367827
P10493,0.5913254664748427
Q9CR86,0.5860468797933311
Q9WVL0,0.6115076395080778
Q9D2R0,0.5986293358308727
Q9Z0G0,0.47710906711000944
Q8BUK6,0.6072794861566192
Q9CY66,0.5492572653735533
P60824,0.5614650599755807
P06683,0.5999965480685734
Q6YI28,0.0
Q8CBY8,0.5229918472949505
Q91VA1,0.5443450567116966
P97425,0.6467153653288046
Q60866,0.5504395420679565
Q9Z1R2,0.5322416592640313
Q3UI43,0.5781331584814602
O54984,0.6063463258071832
Q91ZR2,0.6081525826060709
O08784,0.5473454787143247
O54833,0.5184333421883915
P10922,0.5502092348841755
Q9D8C4,0.6703147987740902
Q9JHH6,0.5783328813444353
P67984,0.6448706413600724
Q99J83,0.5730234315239271
Q64669,0.5411874268758324
Q3UQ44,0.556296866215027
P43275,0.6306716139665126
Q9ET54,0.5694742305249221
P49586,0.6036096512881197
Q9CQ92,0.5589457866347708
Q8R409,0.596093144625908
Q9EST4,0.5778212971821682
A0A2R8VHP3,0.685040129855537
Q05920,0.5937757739048106
Q5M8N0,0.6202546612048837
Q921J2,0.6014383193462272
O09043,0.5267247865510053
Q9JJ28,0.6825845045649075
A0A075B5V8,0.6266817969812338
D3Z598,0.5737318399787896
Q64345,0.5946769739588451
P56394,0.504724453672006
Q3TBL6,0.5211938636085954
P56812,0.6012436502860923
Q60596,0.0
Q8VCN6,0.6417205247031915
Q0VGB7,0.5499615358102994
P01675,0.5623442116621457
A0A075B5R0,0.567704518528171
Q9R008,0.5237609706310814
P63166,0.5775897466390884
Q61371,0.0
Q9JMG1,0.6105870889819092
P18528,0.5324791651415781
Q9WU28,0.6336727913131897
P09055,0.5205751093474593
Q64314,0.5671600186108583
Q8VE47,0.6157002370823296
A2A7K5,0.5791978313066172
P09813,0.7248465793920235
Q8R0H9,0.6221211539435124
P61021,0.545983779977427
Q5SWU9,0.5491874366658626
Q9D898,0.5123051356672831
A0A1B0GSF9,0.5287166520432749
P11404,0.6269831948365503
Q9DCH6,0.6084314028329756
E9Q0F0,0.779280203405533
P61957,0.6969725324186563
Q80U87,0.6905650467931296
Q8R2S8,0.5289010079990989
P54726,0.6132882529097813
Q02788,0.6265254806166798
Q9JHW4,0.5915271490009247
Q8K0Q5,0.5498745407514104
Q69ZN7,0.6509499727439344
O08800,0.5963573037981874
P52430,0.681882097048079
Q8BPB0,0.6392655994829767
Q63810,0.5596705116055392
Q9D0M5,0.6706531746572607
P01638,0.6468758009170832
P81117,0.49875226465443134
Q8BW88,0.6235525045365139
P51437,0.547175113860343
Q78JE5,0.5827100117097035
Q9Z2X2,0.5861244962802098
Q2NL51,0.5796654631369663
P23578,0.5604712316787206
Q9D820,0.5557878592358775
H3BKU1,0.5143660044916468
Q9JMA2,0.6658377463105144
A0A0R4J0H1,0.5933096719208402
A2AQ19,0.4790702452664828
Q9CYA0,0.5320077345044351
A0A075B680,0.5394647529914515
Q9JMI7,0.6007572851695645
P55292,0.46758005590424667
Q9R059,0.5191124474567554
Q8VEN2,0.6829548146075144
Q8C0D5,0.6951405250352529
Q9R1Q7,0.5642943069411174
Q9D263,0.577522877049254
Q8R3C0,0.5900311191056213
Q9ERF3,0.511214695160935
Q9D967,0.5607140556463281
Q8BP92,0.0
Q3UMF0,0.4559563302522317
Q921K8,0.5816664204871322
Q9Z2V5,0.0
P10404,0.0
Q9CXL3,0.527882964046686
Q9D0C4,0.5291660430714403
Q91WG2,0.5518872015613764
Q91W89,0.5825605798118262
D3Z3B8,0.5581138279873636
Q8VD62,0.7021211993939406
P05480,0.5634737852802433
O08759,0.582181014996503
Q8R5I6,0.5829769928720708
Q6PAV2,0.5692084715094257
D3Z4U0,0.5866040051442258
Q6IFZ6,0.626952095485659
Q8VC30,0.5980049759609495
Q60590,0.6943006962193614
Q6ZWM4,0.5981492145658074
Q80UY2,0.5511744986459998
P30115,0.6336711183926881
P37040,0.5595711592312168
Q3UE37,0.5971839411595375
F8WHM5,0.5040415511396725
Q9JKV1,0.5587195903621212
P0C027,0.610961467569727
Q9QVP9,0.5820258000507911
Q8BGZ7,0.6619191863614534
Q8BGB7,0.5602035393705038
Q9ES74,0.5554375697632707
Q99PP9,0.495707931964449
Q9JLV6,0.5279659095341438
Q80UW8,0.5503766152925375
P32233,0.5037609655215377
C0HKE5,0.6920902696697214
Q9D1J3,0.6302180745276011
Q3UFY7,0.632345013524975
Q9CSU0,0.5611807832969664
Q8BMK4,0.5795372634869304
Q9ERG2,0.5870685089370047
Q8BFW4,0.4847499635899203
P50518,0.60096505409686
Q9CSH3,0.46924069190608525
Q9DBH5,0.6196051302279093
F6Q404,0.6344661611113503
Q5EG47,0.5560041438420519
O70494,0.0
P62748,0.5840807117986606
Q8BHZ0,0.5968406320089793
P08730,0.59592317095709
Q61406,0.5714427142102552
Q9WTX2,0.5926405637860429
O88811,0.5073074873593664
P49138,0.5775675795075957
P07091,0.6047797163317183
P15501,0.0
Q8CES0,0.5845638343204792
O70492,0.6197104706185204
Q64012,0.5646353557548557
P02301,0.711408374886904
Q8BGR9,0.6533260433400678
G5E8R1,0.5796694798509954
A6H5Y3,0.537925330884375
Q9JI90,0.49470836574426336
D3Z3N4,0.5295543086960284
O08638,0.6451038403236867
P00015,0.0
Q3UHJ0,0.0
Q9D020,0.5738316474001536
Q9CQ86,0.5422058329163715
P00375,0.5921567900165925
Q9EPQ7,0.638434146093449
Q792Z1,0.7001974909264351
A0A0N4SW28,0.5828701526669855
F8WHV1,0.0
A0A5K1VVS7,0.5164551311043126
G3X8R2,0.5306288933081221
A0A140T8N7,0.5436523829601848
Q8C052,0.518413085962204
Q8R0F6,0.5553559417163737
Q9QZ73,0.5700482833686885
Q9ERE7,0.6395042411096015
D3Z4J5,0.5353262496544248
Q99JZ4,0.5530881341553154
Q62241,0.5503736965696495
Q9QXA5,0.5892041450124185
A0A0R4J065,0.5729489535886636
Q8BSH9,0.5970241611193989
P53986,0.5639911211798555
Q9D832,0.5272955976463096
Q9ESL0,0.0
Q9WU63,0.0
Q9CXY6,0.5628084434746182
Q9Z183,0.7111231634461959
Q6WKZ8,0.5573146661755346
P08905,0.5775549744868013
Q9JMA9,0.0
Q9QYR6,0.6035659647183116
O35955,0.6330957157120247
P40240,0.6214831633684859
A0A0B4J1I1,0.0
D3Z1M1,0.6164851611079463
Q6ZQI3,0.5176837688489803
Q9DAJ5,0.5494809777568148
Q8BPU7,0.5082631966956618
P50289,0.0
Q5SVR0,0.5266529326811187
Q3TIV5,0.5466831780723
P32037,0.0
Q921I2,0.49183333924931133
O35682,0.5115911678488035
O08749,0.5601121771080261
Q8BMS9,0.5327659866871787
P54731,0.5658880686881752
O54916,0.5376948045306854
Q8QZT1,0.5199991523929137
Q8K0U4,0.507670752239429
Q9ER00,0.5170078680644931
Q9D1T5,0.5373595731281214
Q52KI8,0.6376877987400325
P39053,0.5891476074110912
Q9DC51,0.5583153067869994
Q71FD7,0.5542036548923156
P49935,0.6083460249099525
Q8R5F3,0.6008857255354035
Q8C4Y3,0.5107722871121161
Q8BGS2,0.5639976905592667
Q9DD02,0.5777609921916856
A0A3B2WBC6,0.5798397786880576
Q9CZH3,0.5081099666428406
G3X9Y6,0.5677200648363593
A0A0R4J0H7,0.0
Q9R190,0.5554553510596352
Q63805,0.0
O89023,0.5118062217198408
Q9JI48,0.573970459286849
Q08288,0.0
Q60648,0.5612063826519447
Q9Z2A5,0.5451581812226071
O35382,0.6566914272653656
Q9JHJ0,0.5753227898225142
Q8R3G9,0.5333292364486215
A0A668KL36,0.7706889973305343
Q8R1A4,0.6380287180558066
P70445,0.5210400206242868
G3X8S8,0.5364896122897391
P97471,0.5885592106215329
A0A1B0GSM3,0.45592155834319054
Q9QZZ6,0.5729570604638525
A0A498WFS2,0.6661274864401099
A0A075B5P1,0.0
Q9CYN2,0.0
Q8BHL8,0.7630418592193889
A0A0R4J1E8,0.5613278341046288
Q3V1L4,0.5651124289688094
Q8K2Q9,0.571392334941135
P63082,0.0
Q9D787,0.4618382253987209
L7N1X8,0.5347738641768408
A2AF33,0.5967551835588119
O55013,0.6526603156421686
Q04207,0.0
Q9CQD1,0.5660410641271181
Q9ERU9,0.48816522575166804
B2RY56,0.45748612232330654
D3Z4S3,0.6323249905855307
Q61189,0.510214953281503
A0A140T8N5,0.633728346091455
Q8VCC1,0.5597441461978929
P70399,0.0
Q6P2B1,0.5338927129594219
A6H5X4,0.5390458875557459
Q8BH95,0.5758621414063969
Q91VR8,0.576651243873815
Q60949,0.5451427693133909
Q6PFR5,0.568431919642326
A0A140T8M0,0.6544618776824885
Q62000,0.6162965641508116
A0A0R4IZY6,0.6169431915921204
O35566,0.5167625537751921
O55229,0.5969841033385179
Q9CQW3,0.5273646378855046
Q9QZ06,0.0
Q03963,0.5751514371123464
H3BJ82,0.0
Q9CRA5,0.0
Q9DC16,0.5295285113390003
P25688,0.0
P01630,0.53643330408478
Q6NV83,0.5371408222505742
P47880,0.5499691821849005
O88312,0.5281474543729547
P01635,0.623857842441058
A0A0R4J131,0.5906148687840013
P61759,0.6087428310244293
P62892,0.5798822334885626
P61028,0.5269998908799568
F6SJM7,0.6308295748975772
Q80YR5,0.5395183868670379
Q99J45,0.5053122232158717
Q8R0A0,0.5962768376489165
P55258,0.6733235180602117
Q64444,0.0
P13595,0.0
Q91XF0,0.6003013768042438
Q6PEV3,0.0
A0A075B5N4,0.5208763650014869
P35762,0.5254420591089641
Q91XD2,0.5720368477648058
Q8BMA6,0.568007045146964
A9JTY7,0.53437327815658
P97431,0.0
Q61107,0.5350546948226163
Q9EQG9,0.5477008298261486
O35901,0.6511049901661428
Q9D103,0.5437844033795164
Q61024,0.5301854836714915
O08547,0.5871456094590694
Q60855,0.5096117966330314
Q9D1K2,0.5711764159072644
Q5SUF2,0.6126270351754167
E9QLB2,0.5992796652876196
Q9CQ80,0.6221044916073539
A0A2I3BPG9,0.6526143054937716
P83870,0.5151137450986611
P55065,0.5747116535680292
E9Q3Q6,0.5098309111750526
Q3TC93,0.5757851581230191
P35282,0.5395525704321081
Q61151,0.5574970666821419
A2AFQ2,0.0
Q8VHL1,0.6378217294265501
D3YZZ5,0.6778571452401888
P04247,0.5123916330026804
Q99JT2,0.5269757575212811
F8VPL5,0.6196806228047294
P98086,0.6362848477852218
P16254,0.5678811274512765
Q8R5F7,0.8062644133087761
P17095,0.5335877604321823
Q91V77,0.6007701591293181
P35550,0.5688326624835103
Q80ZQ9,0.486375175929559
Q80X73,0.0
A0A087WR57,0.5543163336812348
Q6PD03,0.6278130615848877
P97352,0.5865632534803301
O08976,0.6434799918195698
Q8BVA4,0.6657246692581618
A0A0R4J138,0.4918486888465934
P70124,0.5143705515628816
P32020,0.5461544878399343
Q8K023,0.5851272564724227
P15379,0.0
Q6ZQ58,0.573723489089951
Q9D1D4,0.6839110868394789
Q9JHL1,0.5073279115186508
P47968,0.6390307773149817
G3UYV4,0.5573922216606241
P46737,0.6800613828591157
A2BGI8,0.5979477999227544
Q8VC31,0.645293752472343
Q9ESY9,0.5182765976158467
Q6PDG5,0.5863114719166069
Q6P6I6,0.4491815032404901
Q3UV17,0.8161680535375924
Q6PF93,0.43133150682316934
P70362,0.5086838961659652
Q921U8,0.4985264264404549
A2ATP6,0.46705204083056034
Q80UK0,0.5605167692183469
A0A2R8VJV3,0.5673900036233401
A0A087WNT2,0.5476459651846234
Q3UY34,0.0
G3UZR1,0.625709210036076
Q9D7S9,0.6892751562220956
P84096,0.6507858577266494
P17426,0.5455383897235344
Q922E4,0.5413272855377841
Q61473,0.0
Q61268,0.5040970729466034
O08992,0.59996608581473
P68373,0.6487378691911617
P97821,0.532499178566111
Q91X96,0.5935900527550879
A2AQ45,0.5573767716577672
Q8CIV8,0.5607017021248607
O35969,0.5348665205532593
Q61239,0.5687379808205997
P21279,0.49075079921812587
Q9CRD4,0.5392628873140934
Q9D0J8,0.7388261216583617
Q8K3G9,0.5500697797853753
Q9CXF4,0.5401786415465879
D3Z6I4,0.5994233998457783
Q80UY1,0.0
Q91VW5,0.4515515962258653
P24668,0.5574573210641499
Q9Z320,0.5725056981195565
A0A140T8N3,0.5395616410730809
Q9JMD0,0.525546005154491
G3X982,0.5664812066040343
P29595,0.6714231829108586
A0A0A0MQA5,0.6667912754898401
F8WHX2,0.5904063665658159
Q9WUD1,0.5252469276239596
Q8CHW4,0.6714121469380108
Q8BYZ7,0.5255049991599849
Q8VDD8,0.5461047402929031
A0A0G2JFZ3,0.5392477754617662
E9PX53,0.6359086245904291
Q9Z2L7,0.0
Q9ER67,0.0
Q9D8T2,0.586550718798627
P35492,0.0
Q923L6,0.590750664926501
B0V3P6,0.5185818388146207
Q5U5V2,0.5089929087099833
Q9D554,0.5299482947396837
Q91YH5,0.6944234744447405
A0A0A0MQ99,0.5126827411619752
Q8CGY8,0.5820712911028217
A0A075B5R2,0.5191901533466502
P61963,0.571304428429821
Q62172,0.4865637585465869
Q9CW03,0.5065342348252317
Q80UP3,0.0
Q9D0K2,0.5397066804796007
P29452,0.5957409401296596
Q06180,0.0
P62858,0.5873985101184964
Q80V42,0.5595598316001419
Q8VC03,0.44018951467574613
P56389,0.5469275536483565
P01132,0.5833420001621608
D6RFU9,0.5346999724445325
A2AJI0,0.48774443505297804
Q9D0B6,0.6027720228288953
Q91X43,0.4479681418434251
P35585,0.5872810086270307
P54116,0.5995464121911908
Q05144,0.5755427373934391
Q99L20,0.6619845822452073
O88842,0.5451632586610632
Q9JMH9,0.6381691788486474
P21570,0.5708590967542096
Q8BIJ7,0.5015732323992005
E9Q6J5,0.0
P62313,0.5935859640381348
Q8CAK3,0.5189032678396427
Q9R269,0.0
P54103,0.5226305219966755
Q61475,0.0
E9QP49,0.5069142650119992
Q8CD15,0.5589111084714702
O89017,0.5599691947498664
Q9QXB9,0.5975074585144052
A2API8,0.5322418390043201
Q3UPH1,0.5717430717307478
Q08189,0.5599780410723992
Q63918,0.5525243376865328
Q9D708,0.5611213991857048
Q9D309,0.5107765955489844
P28653,0.5674449793193647
Q80WT5,0.5826512750997699
Q9D1R9,0.6255694564379534
A0A0R4J0R1,0.5529068227800887
Q8BHD7,0.5654296990625142
A0A1L1SS27,0.534831742738977
Q9DB16,0.0
P01680,0.5671169028502973
G5E911,0.5972919375116449
P51949,0.0
E0CYW1,0.5925954050326118
Q6ZWV7,0.6348460721501529
Q8VD75,0.5983162686602276
Q8CF89,0.4981435060454318
A0A2R8VHF9,0.5250957228950769
Q8R5F8,0.6384849137674589
Q9D0B0,0.5719308762441795
F8VPP8,0.5421475943409546
Q9DB34,0.5365788525905094
Q6A026,0.0
A0A0A0MQF5,0.49841309577645443
Q8R550,0.650708916966775
A0A0A6YXN4,0.0
Q9JK23,0.0
Q99M31,0.6632137592479829
Q7TQK5,0.5549133810097368
Q8CGF7,0.5919697468785584
Q8VE70,0.6017438278517677
P62274,0.6127147561147362
Q9JJI8,0.5737635649675774
P08207,0.6634147262656637
Q3V140,0.5499877132906771
Q8BXC6,0.5607308958604474
Q60575,0.5505721581326906
Q60960,0.5847987714501732
Q8VHN8,0.0
A0A0B4J1J5,0.563118377350613
Q7TPR4,0.6065847292668638
Q924Y0,0.0
Q91WP0,0.5328553646974443
Q8R5J9,0.5882359390166696
E9QKI4,0.46845159027404215
Q9EQI5,0.5776160182025151
Q99LN9,0.0
Q61749,0.5612202411375189
Q3T9E4,0.5795062463238433
G3UYF9,0.5731737370070492
Q8CIH9,0.5154550442479338
P09671,0.5671148430890465
Q8CCP0,0.4583569940809823
A0A6I8MWX0,0.5623472074653545
Q80XU3,0.6640899270373901
Q91UZ5,0.6049816169628295
Q61878,0.5250331226070533
P01901,0.5349457220607632
Q924H7,0.0
Q99KN1,0.0
Q99J99,0.6044579045064437
E9PWC8,0.48581052393023116
Q9CQ71,0.49817341810298854
Q9Z120,0.5888606422852964
Q99M51,0.6188769352647904
P62835,0.0
Q3UMB9,0.6279139386699175
Q9WUP7,0.6388271720516061
Q8CGE8,0.5748917752444118
O08848,0.5548100627105178
Q3UYI5,0.5111184343245074
Q9JLM8,0.6242878622112789
Q9ET66,0.681150481526136
E9PYG6,0.0
Q91WN1,0.5281744854572588
P04627,0.5080885364800073
Q8R2I5,0.0
Q9DCB1,0.0
Q3UGR5,0.5518117024424015
Q8BGW1,0.5432106348869877
P02089,0.5876470366154207
Q9D071,0.0
P17047,0.6112011413227544
P62254,0.5675647885488821
O88968,0.6546988547812562
A0A338P7L8,0.5500685448606252
O88384,0.5086980353267129
Q80TM9,0.5784209780834514
O35551,0.5889473947517316
P51660,0.5301317148319933
P34928,0.6273018750492062
Q9JHK5,0.6945875744733858
Q6NZC7,0.6744144235223937
Q8K205,0.6083702375448837
Q8BR90,0.5586992212046713
Q64478,0.6915170262159875
A0A0G2JE31,0.0
Q9QUJ7,0.0
Q91YP2,0.577595559196237
Q9JL16,0.5448561219902904
Q7TN75,0.5112176130085986
Q00899,0.526269282168331
Q9D115,0.5789712281168644
Q60996,0.5171255995520152
P29416,0.5842101192518638
Q8BVW0,0.4507359053196083
Q9Z331,0.0
Q9D9V4,0.4967417374330667
Q61595,0.4206188723262772
Q61687,0.5195653571633919
P61961,0.6245778766532478
A0A338P7B7,0.631927406277255
Q60749,0.6068508098292449
Q497I4,0.6918322366442657
P62843,0.6726488961418039
Q9D6N1,0.5262086057849812
Q9CZX0,0.5538791312429705
P98083,0.4753942528841795
Q6P3D0,0.5749995389944964
A0A0G2JFA8,0.6057941303056286
Q9JIK5,0.6134575164519457
Q99K28,0.5209216055836544
Q80UU9,0.5815879959208455
Q9Z0F7,0.5243812667748078
A0A0A0MQC1,0.6233933776239293
Q8BLY1,0.0
Q3TRM8,0.48539397676530993
P01655,0.5906756881307319
Q9D4I9,0.4652750719051823
Q9WUM5,0.5343853079107478
E9QKC6,0.5262636276109534
Q99LC8,0.5003712727245803
Q8C1Y8,0.5604115062259717
Q9D5A0,0.7483041574656505
Q8K3A9,0.41706672694550373
Q9QXD8,0.449406033637933
Q99JP4,0.5285313266491711
P21956,0.5580781249518947
Q8K003,0.618445947563273
Q60823,0.6479483172747741
A0A494BB18,0.4797588619969581
P98064,0.0
Q9ES52,0.5141926521873424
A0A075B5Y1,0.4466887919007949
Q8R1V4,0.5118571409606538
Q9QY93,0.5226990487336628
Q9CYU6,0.0
O55142,0.5439157911671226
Q8C5N3,0.585708679546412
O88622,0.5585504559469467
Q02789,0.5401122714094101
A0A075B5R7,0.5852198895371057
Q569Z5,0.6422012971451914
Q8CFE8,0.5008242334419488
H3BJM1,0.4506263399514442
Q6P5B0,0.5260028445987954
Q91YT7,0.0
Q9CU62,0.6875198547990948
Q9JIW9,0.5484823377301403
Q9Z0R4,0.5484128439742205
B1AVD2,0.6490889511376844
Q8BWR2,0.5641044198381692
P61804,0.5588866257894641
G5E897,0.6221821477499839
Q9CQS8,0.5658193947529389
Q6NZF1,0.5347222543871655
Q9D6Z1,0.0
Q62077,0.6298037916690428
Q9R0Q6,0.5508421726671059
Q8VEH6,0.49240535544833336
Q91VJ2,0.48549307431940497
Q99LU0,0.5626089753735983
Q810A7,0.5550139212333188
A0A075B5T2,0.5821969641304736
Q9CWS0,0.5631874163763044
Q8BRF7,0.5059487046219281
Q9ESX5,0.0
Q8VD04,0.4558292935538507
P56387,0.6048409605197939
Q920Q6,0.5069602740572611
Q923L7,0.618544970369007
Q61686,0.5669650457141304
A0A0G2JFE9,0.5673118377386657
Q8BXG3,0.0
Q9QZB9,0.0
Q9JKY5,0.5343108316473866
P97927,0.5170282332579502
Q8K124,0.0
P16294,0.5882007655461337
Q4KML4,0.6482932854810346
Q9CRB2,0.494023272781042
Q8C460,0.599824080220557
Q9ERL7,0.5491531981020303
A0A075B5S6,0.5271716138084136
A0A140T8P3,0.5611594955185387
Q91YJ3,0.5309493567218043
O09110,0.5058794954756513
Q9QYB5,0.0
Q6PAR5,0.5168422023367459
P59242,0.4951567786973749
P52927,0.0
A0A338P6K2,0.6115279027322674
Q8BFQ4,0.5381725964270205
Q3U0K8,0.44779226436867364
P20108,0.0
Q91V36,0.612394513134351
A0A0A6YWI9,0.602763211752995
Q8BI79,0.5053583130588827
Q9D5V6,0.5515813207737407
Q60715,0.5985512028388509
Q9CQX2,0.5718447052752502
Q60772,0.5843243371797993
P48962,0.5753104453778897
P12032,0.52530554185266
C0J8I2,0.0
O55091,0.5299342595304494
Q9CWI3,0.6133593013174368
A0A0R4J0S8,0.5230736435227654
Q78PG9,0.5299657586982374
P61458,0.6361443949334505
Q5DTM8,0.0
Q3TWW8,0.6139067875434145
P26450,0.5860312575692693
Q99JF8,0.5718893100114948
Q62522,0.0
P51863,0.0
P35293,0.732675882905124
Q8CDM3,0.903376047343743
Q5SW46,0.0
P97326,0.0
Q61658,0.6001852180494667
Q99JF5,0.499016697762997
A0A571BF69,0.649932057126541
P14094,0.5161186522755622
Q9WTL2,0.5470223809082683
Q9QXK3,0.0
Q8CHT1,0.5814063058626213
P39749,0.5462152154898823
Q8CG47,0.4540906710454325
P60764,0.0
Q61335,0.0
Q8C8T8,0.5675060846111072
Q01147,0.524873759240646
Q8K212,0.5145562889364189
P49290,0.5244495603780894
O54950,0.5561357025475747
P97863,0.7848856933366294
Q61754,0.0
Q8BU04,0.48305000492008865
P12804,0.5305858486109993
Q61084,0.0
O88738,0.4697989591276055
Q8K019,0.44461530604335264
Q6ZWY8,0.7568885582501087
Q61400,0.5456142023948845
Q9JK53,0.5550796439667885
A0A075B5N6,0.5872474511227642
Q9WTU6,0.5638664211521117
D3YWJ4,0.5893595148843155
O35664,0.5594139565564062
A0A1B0GR18,0.5413983117751455
O35490,0.0
Q4LDF6,0.5497665297285425
P15532,0.6465063734195133
Q8BYN5,0.5025939198838846
P97368,0.4839554857420583
Q8VHK9,0.0
Q8BKE9,0.5789333573007357
Q9Z0H3,0.5263506780901616
Q61789,0.0
Q9WUB0,0.4115135699558179
Q9CRC8,0.4775751549479601
Q9Z2R6,0.5720702442440838
P62862,0.5448520374634843
G3X8R0,0.5142190999374485
A2AKN8,0.0
B2RXQ2,0.5114496116142697
Q9DAD6,0.6238903043908576
Q921C5,0.7140466294213952
O70138,0.5669552198036664
O70145,0.5110718797012287
B1AVZ0,0.5251843744620683
Q9CRT8,0.5232219959101092
Q8BMJ3,0.0
Q62448,0.5086602942001324
Q9CXG3,0.0
P63002,0.5328079216684103
O88522,0.0
Q8BW96,0.5484059446734129
P61027,0.0
Q80Y55,0.4693973346376566
P46460,0.5092063881529628
Q91WG4,0.0
G5E884,0.5011953227259683
Q8CAS9,0.5260103710326437
Q9D8V0,0.0
Q8BP27,0.5272498359254892
Q6PB66,0.568437563636665
Q6PGH1,0.0
Q8K1J5,0.4459746018795645
Q7TT45,0.5186827589577854
Q8CFV9,0.5664954208737395
P97496,0.0
E9Q5F4,0.6199397702071483
Q61210,0.5087353627502466
P30415,0.5394987377218474
Q9R0U0,0.5412516485396476
P98203,0.655885469859421
Q3TMH2,0.5465659885987831
O35071,0.6280954135726163
Q04736,0.5901005287646472
Q6PDY2,0.586610264775968
Q8BHC0,0.5227820972588592
Q8R349,0.5744427326954803
A0A494B9A6,0.5349525899590025
Q8VEK0,0.0
Q8C5W3,0.4950437380521332
Q8C636,0.6410297838992551
P51661,0.47906289789460516
Q8CIH5,0.506971979879935
P57776,0.7096850509215947
Q9R053,0.6743722022052857
Q04690,0.45850426501543734
Q8BYM7,0.5024996226194446
Q99K30,0.500263506181092
O35609,0.0
Q9DC11,0.5472248603291253
Q8K057,0.6861180013816607
Q80W37,0.6166476999394405
Q8BFZ3,0.6232146613934579
Q9JI11,0.5302316580856355
A0A087WNU5,0.6470392400990875
Q3UYV9,0.5087689030367096
Q91X97,0.5618739978246055
Q08024,0.6211981686328159
Q9CQ62,0.5375920655231696
A2AGT5,0.4769268031215377
P28650,0.473927238566201
Q9EQ20,0.0
Q9EST1,0.5198626510166907
P97370,0.5432713588278589
Q8VCG4,0.587089750664909
Q7TSJ2,0.6054184200514814
P56873,0.5693299150831712
A0A087WS96,0.0
Q6PHU5,0.5245917682840134
Q61576,0.7076889426972953
Q5F2E8,0.4504601551012553
P37913,0.5386699748677289
P33587,0.5552849112846874
Q8BH40,0.5302562164260727
Q64449,0.0
P46061,0.5261839332853068
Q9DCR2,0.5805030427544821
Q6ZWQ0,0.658086804641158
A0A1B0GSI7,0.5863800321143398
A0A0A0MQN4,0.5264313246927639
A0A0D2X7Z2,0.6399901781688758
Q7SIG6,0.8032059942285303
Q3UKV0,0.5548967814651227
Q8R4X3,0.5795358470348143
B2RRI5,0.6804312661961398
Q3UVL4,0.6341469626757059
Q9QZU9,0.5496954847979691
Q9R1T4,0.0
O70200,0.5760808733584163
Q9CQ89,0.0
Q8R242,0.504424147248638
O55183,0.5177197131842564
Q8C1M2,0.5011252858225828
Q8K1T5,0.4990744269881223
O55060,0.530052575274041
Q9D1M7,0.0
Q80YA7,0.5096711746045618
A6PWS5,0.5958865802180315
Q69ZR2,0.4951556280230984
Q6PB44,0.5030511806039255
Q8BFU3,0.5562698480711478
Q3UIR3,0.0
Q922V4,0.48016279719977367
Q923D4,0.5202223487888957
Q9D902,0.5510213369396219
Q00175,0.4827010411703578
Q9ESP1,0.583318271114354
Q6TU36,0.5384963579482605
Q3TYQ9,0.5885024908559503
Q6XLQ8,0.6606575431616831
P39655,0.640832127302152
Q3TPE9,0.5222190370380893
Q8BUY9,0.5180981739614414
Q9CY97,0.5791245615304169
A0A1B0GR85,0.715529290151807
Q8BHA3,0.7004274132643856
Q91ZF0,0.0
Q4LDD4,0.5336132202664996
P54869,0.5075237386749918
Q9CQC9,0.0
Q64311,0.4769954009373446
Q8C2E7,0.5070797761582039
Q05512,0.5225601494377954
P42230,0.0
Q05020,0.5907521532181438
E9QPB2,0.41073494654971887
Q9WV35,0.5773910897838734
Q9CQQ8,0.6733313216587881
Q3TYX3,0.4962899147824257
Q0VBK2,0.0
Q8BYH7,0.4806314903195975
Q99M71,0.0
Q9CQW2,0.5607783154556291
Q8R3R8,0.5887342303277785
Q9D104,0.0
Q9R0N5,0.7093721705702578
O70333,0.0
B1ART1,0.6759416585708569
Q9EQ08,0.0
A2A8Z1,0.5050820616500776
O55098,0.5268967226956891
D3Z016,0.5353497445762243
P63024,0.5368794165167527
A0A338P769,0.532080561155554
A0A1W2P7S5,0.0
A2AQ25,0.0
P22366,0.5362574047695454
Q62203,0.5080556143736448
P35486,0.4898142842196144
P38585,0.0
O89094,0.5157607307210607
P15535,0.5111480413019777
Q64512,0.7212947859259513
Q921W2,0.5175755454453043
O88792,0.0
P30285,0.5525554205482923
Q07079,0.4876259424673034
Q8BQ46,0.0
F7AI87,0.0
P42337,0.5018163896488231
Q62087,0.0
O54865,0.5919101414376648
A2AS37,0.5231776410261476
Q9QZB7,0.5908729031906954
A0A571BEV2,0.6050354666200543
A0A494B8Y8,0.0
Q80TE0,0.7425061075172901
F6RDI8,0.5629695134582449
O08586,0.5470524946666393
P63147,0.0
A0A1L1SVG6,0.48821675719089547
D3YZN8,0.5603327518907651
P50295,0.494457061527746
Q8BX80,0.47680303498123033
L7N259,0.5768305153556756
Q9DBC3,0.48477316168534806
Q8C650,0.5917343411610452
Q7M753,0.4677627199069203
Q31125,0.4626390464044752
Q9DA79,0.505642109012723
E9QMK9,0.5031998669587958
Q8BFS6,0.6284796439442808
A0A1B0GRF6,0.6255382999699111
Q8R4H2,0.0
Q8CDM8,0.4580208559312124
Q91VY9,0.45777819735326974
Q9CQA9,0.5510510939656711
Q9Z0G9,0.0
Q9R0M4,0.5597391008485306
P28574,0.5081536206437227
Q60876,0.5944125532186642
Q9D711,0.5172007483363792
Q91W82,0.0
Q9D4V0,0.5242034770994767
P62331,0.5262838045379681
Q3UM29,0.5348717018165129
Q9D4H8,0.5603038110052144
Q9JL62,0.5262651493660911
Q64459,0.6125747226669009
Q80Y19,0.5965135359599963
P21180,0.5094791561306772
A0A087WNU1,0.0
P62737,0.5263611627193432
Q8R1H0,0.488377397431163
Q9JJC6,0.0
Q80SY5,0.0
P62743,0.5619338261768566
Q8R344,0.4788127418672407
Q7TMY4,0.6702275252534239
Q80U44,0.4388744597937229
E9Q1M6,0.0
Q6NT99,0.5203862552139594
Q3U1V6,0.5082753028068551
O88452,0.0
H3BKG0,0.5840171101202989
Q9DBL7,0.4967569676086172
F6ZFU0,0.6053018707041005
E9Q448,0.6100518703620924
Q9JJZ2,0.5155155837268734
F6T2Z7,0.5716144016920972
Q561M1,0.5655943154624155
Q6ZWY3,0.0
Q68FG2,0.5713914619874793
Q9QY76,0.5576281153968802
P68181,0.5096048370781567
Q58A65,0.0
O09117,0.6057076182676894
Q09014,0.5341574853110767
Q99NB8,0.5128619576955764
Q923T9,0.5508205193399334
D3YXK0,0.581479202638554
D3YYN8,0.0
B1AR17,0.5594898645442032
A0A0R4IZY9,0.49261632754775275
A0A0A0MQM2,0.5070238168908424
A0A140T8M6,0.0
Q9D2W5,0.65426379859584
P10648,0.5135775055894775
F7CG42,0.0
A2AWA9,0.5128322749444914
O35452,0.4656784303335332
Q4PJX1,0.6165620925340516
Q91YN9,0.5055809493672444
P63094,0.5081274908896275
Q921W0,0.5329233753967075
Q6AXB7,0.401400260053966
A0A087WRH2,0.5262051227508612
P62305,0.572291457250062
E9QNY8,0.5335129719064737
E0CZE8,0.0
Q9CQ10,0.5404750164953013
A2A930,0.59593352048747
F6XVM5,0.652791201668743
Q6PDB7,0.0
Q9CQV6,0.4993941037029366
A0A286YD87,0.4810452936953972
P61290,0.5737004903381372
Q3UZA1,0.5360796337726147
O54941,0.5155248505265113
Q543M9,0.5141344764148442
A2A4X9,0.0
Q8CJG1,0.48467443673854277
A0A140LIU3,0.5263691793777883
P09926,0.47381863242556843
Q8K3X4,0.43488221425790624
Q9Z0L8,0.0
G3UX48,0.0
E9PYK3,0.0
Q8BM88,0.0
Q6NVF0,0.0
Q6ZPJ3,0.6059379425514095
Q8BU14,0.0
Q9JKC8,0.4942841410977217
P97376,0.0
E9PVA6,0.49698054490758653
Q3TKY6,0.5316521204175098
P97367,0.0
A0A0R4J124,0.5063280891783065
A0A140LIS5,0.5551863911067553
D3YXN0,0.49543260958500407
A2ACP1,0.5164077604097448
Q61771,0.4673313456341636
Q91YS8,0.0
Q9CZE3,0.503330504506541
O35988,0.5570913617040052
P24815,0.5119432261333982
G3X906,0.5884904547674235
P21126,0.5553877804879188
Q8BWR8,0.0
Q6P5C5,0.5424166607024008
A2AX52,0.541126498033076
G3X9D6,0.5790564359026342
Q8R164,0.518959974354528
Q6UKZ0,0.5993969897699302
Q9CQG1,0.5468551912406775
Q9R1S8,0.4393968326806078
O09035,0.5215021307482736
Q6W4W7,0.0
Q7TQD2,0.5914484677748314
F6QFD1,0.6443608723803308
P52825,0.5487144981668346
Q9CQI7,0.6074306217597976
Q3UHU8,0.5871693214164596
Q8C0J2,0.5182760598836704
Q91YJ2,0.612198799332383
Q91WU0,0.0
Q9JIQ3,0.0
Q9CZG3,0.0
B1AVF2,0.0
A0A0R4J0B4,0.5272311723392018
Q924A2,0.6152575336519887
Q62168,0.0
O35134,0.0
Q9D4H4,0.44568599578236495
A0A0A6YY13,0.5346297692737485
Q5UAK0,0.4909069046309532
D3YXF5,0.5387425037836725
E9PUF9,0.6014956475276374
Q60992,0.4738337052259784
Q6P572,0.43937877841492323
A8Y5N8,0.0
E9Q529,0.5916693647877664
Q9ERN0,0.5134368509221259
Q09LZ8,0.4320177617561349
P97364,0.5185177363802802
P22005,0.5321828656565651
Q8VC57,0.6814258422197007
Q14B71,0.0
P55288,0.48989441601531003
Q99LH4,0.40188218061099074
Q3V063,0.5162594761140038
P62309,0.51777991214441
Q3URI6,0.6208742753132145
Q9CQU0,0.5236172026967242
A0A0G2JF84,0.6435074158578294
Q6GQR8,0.0
P45952,0.5341319054711687
G3X9E9,0.5408430642363722
Q8BWZ3,0.5747668067250952
P70268,0.4177929258632033
Q05117,0.0
Q99LT0,0.5814310173522221
Q9EQH7,0.6357429171519308
Q3UZW7,0.0
Q6P6J0,0.5214377240245707
Q8BVP2,0.0
Q3UGS4,0.0
Q9ESJ4,0.40481090924952695
L7N295,0.0
B1AV77,0.0
D3YXQ7,0.4585445585173583
A0A0G2JF49,0.0
P16406,0.0
Q91VZ6,0.5364055666944687
Q62511,0.0
E9QM73,0.0
Q3TES0,0.6522891812973408
E9PY46,0.0
G5E8J4,0.0
A2AKB4,0.5223485759501885
E9PX30,0.5018209764811143
A0A0R4J0P6,0.5185364456875707
Q9WTL4,0.6218447860242537
Q9CVW4,0.0
O35638,0.43864023543635533
F8VPN2,0.0
A0A0A6YXQ0,0.0
H3BJV2,0.6272159464422975
Q924T7,0.0
A0A2C9F2A2,0.0
E5FYH1,0.564343689165027
Q9DA11,0.0
E9QAT4,0.0
Q62507,0.0
Q5PR72,0.502795054389061
P52479,0.4074474720863588
E9Q3P4,0.5290028147880855
Q6P3Z3,0.0
Q80U04,0.41108320254719405
Q99JR8,0.4536153528458275
J3QK13,0.0
A0A0R4J158,0.0
Q8BIQ5,0.0
Q9CY18,0.5048938782487921
Q99JP7,0.6429602875299882
Q8R268,0.5033916938080903
P35330,0.5263381215241866
P55097,0.5260225646200933
A0A140LJ69,0.5562665501885733
Q8R2U0,0.0
Q9JHF7,0.0
Q8C5K5,0.5081536524219099
A0A0R4J0U8,0.4640001804185297
Q8K449,0.41204686029366505
Z4YJS5,0.5446529151553235
Q6ZQA6,0.5550324988055277
L0N7N1,0.45329809376635327
P11438,0.5319073781159704
E9Q634,0.5144994254292821
Q61160,0.5437051926532774
Q3UDC3,0.5281792742239144
Q8BM72,0.0
Q6PER3,0.5148795629908631
A0A1L1SSU2,0.48320164696779466
Q9CQQ7,0.4938380047283384
Q8R1U1,0.5232185443594719
P55249,0.0
A0A2I3BRW0,0.5042452024974983
Q80VP1,0.0
Q8VCN9,0.48774617319514824
P50228,0.47474815452350333
A0A0J9YUP0,0.0
Q3UKJ7,0.500227417430441
Q6PFY1,0.5386010520448518
A0A0R4J1Q0,0.6336214493653906
Q924C1,0.740662281148538
Q8R2T8,0.0
Q9ESU6,0.571529447832506
E9Q4Y4,0.5462483090849138
F6TKU5,0.5287403440432887
P20065,0.5222901564591131
Q9JIG8,0.5046807667738584
E9QM92,0.6328942917552173
Q9QY23,0.4588445609793215
Q91YR7,0.4864951067494074
Q9R1Q9,0.0
Q9QXZ7,0.0
Q8BG07,0.5470653518429128
Q8C6E0,0.0
G3UYQ4,0.49642264818875426
Q6P8K8,0.5393989511109871
B1AR51,0.5749349438305582
Q9D2C2,0.4893169870342524
Q9R0Q9,0.5155205527435366
Q80YA3,0.5965733898367042
Q5BN45,0.5873762348247357
Q3UHD6,0.5499949091043158
A2A7S8,0.40620576823994364
Q3UZI5,0.5287500133288079
Q8CHG3,0.5834655044629002
F6YBB8,0.5164622068411701
Q80U30,0.62630049473083
B1AVH5,0.46894601118904183
O70503,0.0
A2AT37,0.5279795661805049
P63271,0.5259465263883452
Q6PAT0,0.0
A0A0U1RNR0,0.0
A0A0A6YY40,0.4742613749328023
Q9WTP7,0.0
Q61292,0.0
P46978,0.519222488964292
Q8CI75,0.5067077656823452
Q8BLU6,0.5473348288928949
Q147Z4,0.0
J3QNA5,0.4564662220440083
Q8VD65,0.45651371129571583
Q9JLA2,0.5513358293347207
Q8BHJ9,0.41731345553442817
A0A087WRG0,0.5799038592589725
Q9QXE7,0.44695352836779945
A0A1D5RLM8,0.5314671684999344
E0CX53,0.5578488235441886
P19785,0.0
Q80TR8,0.4480684511627057
A0A0G2JGU0,0.5634379987514436
P19091,0.6836403346156714
Q8BYG9,0.4883510749107357
Q9R1K9,0.5513293474074674
P97377,0.0
Q9EP82,0.4993518840421912
Q9D565,0.6362718215864176
P70290,0.4914086457023413
A2BDX3,0.5842663054254964
A0A075B664,0.5863380482106669
P53351,0.607764584984441
F8VPX4,0.5222932772353241
Q6GU68,0.49413518686970453
A2BDX2,0.0
P01657,0.540707811406805
P62075,0.5093876589328415
Q9Z2V6,0.5635129512412609
P01741,0.5624043571596888
Q3U0S6,0.5984592316929256
Q8R0W0,0.0
Q9JIT1,0.545824306618021
D3Z1J2,0.0
D6RFT9,0.0
D4AFX7,0.44928975717340386
P19536,0.0
Q99LJ1,0.0
A2AF47,0.49867343923485047
G5E8H0,0.4971445162333013
Q2VPD4,0.5368506125551034
Q8BGZ4,0.47028348613045234
Q6P1G0,0.0
A2AVR1,0.0
F6T4M4,0.8809938446561705
E9Q0X4,0.0
E9QAF9,0.0
P22727,0.5854625313294568
A0A0U1RPZ4,0.6074022569763815
D3YUL8,0.0
Q8C0T5,0.0
D3YVJ1,0.49312894652902645
P31750,0.0
F2Z461,0.5809884074420609
F6SX81,0.5408363435863542
D6RGT5,0.0
Q91ZK0,0.5399649924245737
Q9Z0L0,0.5458301391879566
Q61056,0.5709531207954753
Q8C436,0.0
Q10470,0.5110599294037039
Q8R007,0.6186271368046408
A0A2I3BS41,0.4971622913503749
Q8BLH7,0.40319452692299834
F6Z595,0.5506054924234723
E9PYP2,0.60357140316458
A0A0U1RPA0,0.542197129491265
Q8VDP4,0.5562869273817906
Q8BNU0,0.5387234311210872
D3Z408,0.5484513770855238
Q9D952,0.6287561946034798
P52503,0.41649875319485474
Q99J31,0.0
Q7TMR0,0.0
Q8K411,0.47606756653440596
Q68FM4,0.5262618573370645
D3YUE4,0.0
Q99L44,0.0
Q8R3E3,0.5145405169363263
L7N205,0.5617489490153343
A2AQF0,0.469362090749903
G5E8V8,0.49875360427406606
F6VU53,0.532685967071328
Q9R078,0.5789476462767835
Q9QYX7,0.668619879246787
Q9DBS1,0.0
P56386,0.0
A0A0R4J0J1,0.5981948414977563
Q3UQ28,0.0
Q8CGK3,0.6001000002817186
A0A338P6W9,0.5771905329309851
Q9JJQ0,0.5218079590082526
E9Q5K9,0.5178706325396313
Q8BYC6,0.0
Q6P2L7,0.0
Q4KL52,0.40896749433139573
E9Q472,0.6691731294085204
P47878,0.4852099721117319
G5E8G6,0.6099558366672171
